0 0.11134 0.224056 0.339541 0.459222 0.584578 0.717158 0.858602 1.01066 1.1752 
0.000257721 0.1119 0.225183 0.341249 0.461532 0.587518 0.720766 0.862921 1.01574 1.18736 
0.000376092 0.112568 0.226316 0.342965 0.463853 0.590474 0.724392 0.867262 1.02339 1.19563 
0.000452593 0.113201 0.227497 0.34469 0.466187 0.593444 0.728036 0.87266 1.02995 1.20291 
0.000521685 0.113831 0.228676 0.346442 0.468532 0.596429 0.732119 0.877815 1.03633 1.21004 
0.000582704 0.114456 0.229865 0.348202 0.470896 0.599601 0.736192 0.883032 1.04252 1.21701 
0.000639921 0.115081 0.231057 0.349975 0.473343 0.602811 0.740364 0.888178 1.04863 1.22391 
0.000693666 0.115706 0.232255 0.351786 0.475826 0.606102 0.744541 0.89332 1.05467 1.23076 
0.000745132 0.116331 0.233469 0.353621 0.478364 0.609424 0.748749 0.898435 1.06067 1.23758 
0.00079993 0.116963 0.234696 0.35549 0.480935 0.612788 0.752966 0.903542 1.06664 1.24438 
0.000860214 0.117602 0.235942 0.357383 0.483543 0.616177 0.757199 0.90864 1.0726 1.25118 
0.000929801 0.118252 0.237204 0.359304 0.486178 0.619591 0.76144 0.913736 1.07855 1.25797 
0.00101035 0.118916 0.238485 0.361247 0.48884 0.623025 0.765693 0.918832 1.0845 1.26477 
0.00110381 0.119593 0.239785 0.363213 0.491523 0.626478 0.769955 0.92393 1.09044 1.27158 
0.00121105 0.120286 0.241102 0.3652 0.494228 0.629947 0.774228 0.929033 1.09639 1.2784 
0.00133286 0.120995 0.242438 0.367207 0.496951 0.633432 0.778512 0.934144 1.10235 1.28523 
0.0014695 0.12172 0.243792 0.369232 0.499693 0.636932 0.782807 0.939263 1.10832 1.29208 
0.00162112 0.122461 0.245163 0.371276 0.502452 0.640447 0.787114 0.944393 1.1143 1.29894 
0.00178762 0.123219 0.246551 0.373337 0.505227 0.643977 0.791434 0.949535 1.1203 1.30583 
0.00196883 0.123993 0.247957 0.375415 0.508019 0.647521 0.795766 0.954689 1.12631 1.31274 
0.00216444 0.124782 0.249379 0.37751 0.510827 0.65108 0.800112 0.959858 1.13234 1.31967 
0.00237412 0.125588 0.250817 0.379621 0.51365 0.654653 0.804473 0.965041 1.13838 1.32663 
0.00259749 0.126408 0.252272 0.381748 0.516489 0.658242 0.808848 0.970241 1.14445 1.33361 
0.00283415 0.127244 0.253742 0.383891 0.519343 0.661845 0.813238 0.975457 1.15053 1.34061 
0.00308368 0.128094 0.255228 0.38605 0.522213 0.665464 0.817645 0.980691 1.15664 1.34765 
0.00334568 0.128958 0.256729 0.388224 0.525098 0.669099 0.822067 0.985943 1.16277 1.35471 
0.00361975 0.129837 0.258245 0.390413 0.527999 0.672749 0.826507 0.991214 1.16892 1.3618 
0.0039055 0.130729 0.259775 0.392618 0.530915 0.676415 0.830964 0.996505 1.1751 1.36891 
0.00420256 0.131634 0.261321 0.394838 0.533847 0.680098 0.835438 1.00182 1.18129 1.37606 
0.00451055 0.132552 0.26288 0.397073 0.536795 0.683798 0.839931 1.00715 1.18752 1.38324 
0.00482915 0.133483 0.264453 0.399323 0.539759 0.687514 0.844443 1.0125 1.19377 1.39045 
0.00515803 0.134426 0.266041 0.401589 0.542738 0.691248 0.848973 1.01788 1.20004 1.39769 
0.00549688 0.135381 0.267642 0.403869 0.545734 0.694999 0.853523 1.02327 1.20634 1.40496 
0.00584541 0.136348 0.269256 0.406164 0.548746 0.698768 0.858093 1.02869 1.21267 1.41226 
0.00620336 0.137327 0.270884 0.408473 0.551774 0.702555 0.862683 1.03414 1.21903 1.4196 
0.00657047 0.138318 0.272525 0.410798 0.554819 0.70636 0.867294 1.03961 1.22541 1.42697 
0.0069465 0.139319 0.27418 0.413138 0.55788 0.710183 0.871925 1.0451 1.23182 1.43437 
0.00733124 0.140332 0.275848 0.415492 0.560957 0.714025 0.876578 1.05061 1.23826 1.44181 
0.00772448 0.141356 0.277528 0.417861 0.564052 0.717886 0.881252 1.05616 1.24473 1.44928 
0.00812602 0.14239 0.279222 0.420245 0.567163 0.721766 0.885948 1.06172 1.25123 1.45679 
0.0085357 0.143435 0.280928 0.422644 0.570291 0.725665 0.890666 1.06731 1.25776 1.46433 
0.00895335 0.144491 0.282647 0.425058 0.573436 0.729584 0.895407 1.07293 1.26433 1.47191 
0.00937881 0.145557 0.284379 0.427487 0.576599 0.733522 0.90017 1.07858 1.27092 1.47953 
0.00981195 0.146633 0.286123 0.429931 0.579778 0.73748 0.904956 1.08425 1.27754 1.48718 
0.0102526 0.14772 0.287881 0.432389 0.582975 0.741459 0.909766 1.08995 1.28419 1.49487 
0.0107007 0.148816 0.28965 0.434863 0.58619 0.745457 0.914599 1.09567 1.29088 1.50259 
0.0111562 0.149923 0.291433 0.437352 0.589422 0.749476 0.919456 1.10143 1.2976 1.51036 
0.0116188 0.151039 0.293227 0.439855 0.592672 0.753516 0.924336 1.10721 1.30435 1.51816 
0.0120886 0.152166 0.295035 0.442374 0.595939 0.757577 0.929241 1.11302 1.31113 1.526 
0.0125654 0.153302 0.296854 0.444908 0.599225 0.761658 0.934171 1.11885 1.31795 1.53388 
0.0130492 0.154448 0.298687 0.447457 0.602529 0.765761 0.939125 1.12472 1.3248 1.54179 
0.0135399 0.155604 0.300531 0.450022 0.60585 0.769885 0.944104 1.13062 1.33168 1.54975 
0.0140375 0.15677 0.302389 0.452602 0.609191 0.77403 0.949108 1.13654 1.3386 1.55775 
0.0145418 0.157945 0.304259 0.455197 0.612549 0.778197 0.954137 1.1425 1.34556 1.56578 
0.0150529 0.15913 0.306141 0.457808 0.615926 0.782386 0.959192 1.14848 1.35254 1.57386 
0.0155707 0.160324 0.308036 0.460434 0.619321 0.786597 0.964272 1.15449 1.35956 1.58197 
0.0160951 0.161528 0.309943 0.463075 0.622736 0.79083 0.969379 1.16054 1.36662 1.59013 
0.0166262 0.162742 0.311863 0.465732 0.626169 0.795085 0.974512 1.16661 1.37371 1.59833 
0.0171639 0.163965 0.313796 0.468405 0.629621 0.799363 0.979671 1.17272 1.38084 1.60657 
0.0177082 0.165198 0.315741 0.471094 0.633091 0.803663 0.984856 1.17885 1.38801 1.61485 
0.018259 0.166441 0.317699 0.473799 0.636582 0.807987 0.990069 1.18502 1.39521 1.62317 
0.0188164 0.167693 0.31967 0.476519 0.640091 0.812333 0.995308 1.19122 1.40244 1.63153 
0.0193803 0.168955 0.321653 0.479255 0.64362 0.816702 1.00057 1.19745 1.40972 1.63994 
0.0199508 0.170226 0.323649 0.482008 0.647168 0.821094 1.00587 1.20371 1.41703 1.64839 
0.0205278 0.171507 0.325658 0.484776 0.650736 0.82551 1.01119 1.21001 1.42437 1.65688 
0.0211113 0.172798 0.32768 0.487561 0.654324 0.829949 1.01654 1.21634 1.43176 1.66542 
0.0217014 0.174099 0.329715 0.490362 0.657931 0.834411 1.02191 1.2227 1.43918 1.67399 
0.0222981 0.175409 0.331763 0.493179 0.661558 0.838898 1.02732 1.22909 1.44664 1.68262 
0.0229012 0.176729 0.333823 0.496013 0.665206 0.843409 1.03275 1.23551 1.45414 1.69128 
0.023511 0.178059 0.335897 0.498864 0.668873 0.847943 1.03821 1.24197 1.46168 1.69999 
0.0241273 0.179398 0.337984 0.501731 0.672561 0.852502 1.0437 1.24846 1.46925 1.70875 
0.0247502 0.180748 0.340085 0.504614 0.676269 0.857085 1.04922 1.25499 1.47687 1.71755 
0.0253798 0.182107 0.342198 0.507515 0.679998 0.861693 1.05477 1.26155 1.48452 1.72639 
0.026016 0.183476 0.344325 0.510432 0.683748 0.866326 1.06035 1.26814 1.49221 1.73528 
0.0266588 0.184855 0.346465 0.513366 0.687518 0.870983 1.06595 1.27477 1.49994 1.74422 
0.0273083 0.186245 0.348619 0.516317 0.691309 0.875665 1.07159 1.28143 1.50772 1.7532 
0.0279646 0.187644 0.350786 0.519286 0.695121 0.880373 1.07725 1.28812 1.51553 1.76223 
0.0286276 0.189053 0.352967 0.522272 0.698954 0.885106 1.08295 1.29485 1.52338 1.7713 
0.0292974 0.190473 0.355161 0.525275 0.702808 0.889864 1.08867 1.30162 1.53127 1.78042 
0.0299739 0.191903 0.357369 0.528295 0.706684 0.894647 1.09443 1.30842 1.53921 1.78959 
0.0306573 0.193343 0.359591 0.531333 0.710581 0.899457 1.10021 1.31526 1.54718 1.7988 
0.0313476 0.194793 0.361827 0.534388 0.7145 0.904292 1.10603 1.32213 1.5552 1.80806 
0.0320448 0.196254 0.364077 0.537462 0.71844 0.909154 1.11187 1.32903 1.56325 1.81737 
0.032749 0.197725 0.366341 0.540553 0.722403 0.914041 1.11775 1.33598 1.57135 1.82672 
0.0334601 0.199206 0.368618 0.543662 0.726387 0.918955 1.12366 1.34296 1.57949 1.83613 
0.0341782 0.200699 0.370911 0.546789 0.730393 0.923895 1.1296 1.34997 1.58767 1.84558 
0.0349035 0.202201 0.373217 0.549934 0.734422 0.928862 1.13557 1.35703 1.5959 1.85508 
0.0356358 0.203714 0.375537 0.553097 0.738473 0.933856 1.14157 1.36412 1.60417 1.86463 
0.0363753 0.205238 0.377872 0.556278 0.742546 0.938876 1.14761 1.37124 1.61248 1.87423 
0.037122 0.206773 0.380222 0.559478 0.746642 0.943924 1.15367 1.37841 1.62083 1.88388 
0.0378759 0.208319 0.382586 0.562697 0.75076 0.948999 1.15977 1.38561 1.62923 1.89358 
0.0386371 0.209875 0.384965 0.565934 0.754902 0.954101 1.1659 1.39285 1.63767 1.90333 
0.0394057 0.211443 0.387358 0.56919 0.759066 0.959231 1.17207 1.40012 1.64615 1.91313 
0.0401816 0.213021 0.389766 0.572464 0.763254 0.964388 1.17826 1.40744 1.65468 1.92298 
0.040965 0.214611 0.392189 0.575758 0.767464 0.969573 1.18449 1.41479 1.66325 1.93288 
0.0417559 0.216212 0.394627 0.57907 0.771698 0.974786 1.19075 1.42218 1.67186 1.94283 
0.0425543 0.217823 0.397081 0.582402 0.775956 0.980028 1.19705 1.42961 1.68053 1.95283 
0.0433603 0.219447 0.399549 0.585753 0.780237 0.985297 1.20337 1.43708 1.68923 1.96288 
0.0441739 0.221081 0.402033 0.589123 0.784542 0.990596 1.20974 1.44459 1.69798 1.97299 
0.0449952 0.222727 0.404532 0.592513 0.788871 0.995922 1.21613 1.45214 1.70678 1.98315 
0.0458243 0.224385 0.407046 0.595922 0.793224 1.00128 1.22256 1.45972 1.71562 1.99336 
0.0466612 0.226054 0.409576 0.599352 0.7976 1.00666 1.22902 1.46735 1.72451 2.00362 
0.0475059 0.227735 0.412121 0.6028 0.802002 1.01208 1.23552 1.47502 1.73344 2.01393 
0.0483585 0.229427 0.414683 0.606269 0.806427 1.01752 1.24205 1.48272 1.74242 2.0243 
0.0492191 0.231131 0.41726 0.609758 0.810877 1.02299 1.24862 1.49047 1.75145 2.03472 
0.0500878 0.232847 0.419852 0.613267 0.815352 1.02849 1.25522 1.49826 1.76052 2.0452 
0.0509645 0.234575 0.422461 0.616796 0.819852 1.03402 1.26186 1.50609 1.76965 2.05573 
0.0518494 0.236316 0.425086 0.620346 0.824377 1.03959 1.26853 1.51395 1.77881 2.06631 
0.0527424 0.238068 0.427728 0.623916 0.828926 1.04518 1.27524 1.52187 1.78803 2.07695 
0.0536438 0.239832 0.430385 0.627507 0.833501 1.0508 1.28198 1.52982 1.79729 2.08765 
0.0545534 0.241609 0.433059 0.631118 0.838102 1.05645 1.28876 1.53781 1.80661 2.0984 
0.0554715 0.243398 0.435749 0.634751 0.842728 1.06213 1.29557 1.54585 1.81597 2.1092 
0.0563979 0.245199 0.438456 0.638404 0.847379 1.06785 1.30243 1.55393 1.82537 2.12006 
0.0573329 0.247013 0.441179 0.642078 0.852057 1.07359 1.30931 1.56205 1.83483 2.13098 
0.0582765 0.248839 0.44392 0.645774 0.85676 1.07937 1.31624 1.57021 1.84434 2.14195 
0.0592287 0.250678 0.446677 0.649491 0.86149 1.08517 1.3232 1.57841 1.8539 2.15298 
0.0601896 0.25253 0.449451 0.653229 0.866245 1.09101 1.33019 1.58666 1.8635 2.16406 
0.0611593 0.254394 0.452242 0.656989 0.871028 1.09688 1.33723 1.59495 1.87316 2.17521 
0.0621378 0.256272 0.45505 0.660771 0.875836 1.10278 1.3443 1.60329 1.88286 2.18641 
0.0631251 0.258162 0.457876 0.664575 0.880672 1.10871 1.35141 1.61167 1.89262 2.19767 
0.0641215 0.260066 0.460719 0.6684 0.885534 1.11468 1.35856 1.62009 1.90243 2.20898 
0.0651269 0.261983 0.46358 0.672248 0.890423 1.12068 1.36574 1.62856 1.91229 2.22036 
0.0661413 0.263912 0.466458 0.676117 0.895339 1.12671 1.37297 1.63707 1.9222 2.23179 
0.067165 0.265856 0.469354 0.68001 0.900283 1.13277 1.38023 1.64563 1.93216 2.24329 
0.0681979 0.267812 0.472267 0.683924 0.905254 1.13886 1.38753 1.65423 1.94217 2.25484 
0.06924 0.269783 0.475199 0.687861 0.910253 1.14499 1.39487 1.66288 1.95224 2.26645 
0.0702916 0.271766 0.478148 0.691821 0.915279 1.15115 1.40225 1.67157 1.96235 2.27812 
0.0713526 0.273764 0.481116 0.695804 0.920334 1.15735 1.40967 1.68031 1.97252 2.28986 
0.0724231 0.275775 0.484102 0.69981 0.925416 1.16358 1.41712 1.68909 1.98275 2.30165 
0.0735031 0.2778 0.487106 0.703839 0.930527 1.16984 1.42462 1.69792 1.99302 2.3135 
0.0745929 0.279839 0.490129 0.707891 0.935666 1.17614 1.43216 1.70679 2.00335 2.32542 
0.0756923 0.281892 0.49317 0.711966 0.940833 1.18247 1.43973 1.71572 2.01373 2.33739 
0.0768016 0.283959 0.49623 0.716066 0.946029 1.18883 1.44735 1.72469 2.02417 2.34943 
0.0779208 0.286041 0.499309 0.720188 0.951255 1.19523 1.45501 1.7337 2.03466 2.36153 
0.0790499 0.288136 0.502407 0.724335 0.956509 1.20166 1.46271 1.74277 2.04521 2.3737 
0.080189 0.290246 0.505524 0.728505 0.961792 1.20813 1.47045 1.75188 2.05581 2.38592 
0.0813382 0.292371 0.50866 0.7327 0.967105 1.21463 1.47823 1.76104 2.06647 2.39821 
0.0824976 0.29451 0.511815 0.736919 0.972447 1.22117 1.48605 1.77024 2.07718 2.41056 
0.0836672 0.296664 0.514989 0.741162 0.977819 1.22775 1.49391 1.7795 2.08794 2.42298 
0.0848472 0.298833 0.518183 0.745429 0.98322 1.23436 1.50182 1.7888 2.09877 2.43546 
0.0860376 0.301017 0.521397 0.749722 0.988652 1.241 1.50976 1.79816 2.10965 2.44801 
0.0872385 0.303215 0.524631 0.754039 0.994114 1.24768 1.51775 1.80756 2.12058 2.46062 
0.0884499 0.305429 0.527884 0.758381 0.999606 1.2544 1.52579 1.81701 2.13158 2.47329 
0.089672 0.307658 0.531157 0.762748 1.00513 1.26115 1.53386 1.82651 2.14263 2.48603 
0.0909048 0.309902 0.534451 0.76714 1.01068 1.26794 1.54198 1.83606 2.15373 2.49884 
0.0921484 0.312162 0.537764 0.771557 1.01627 1.27477 1.55014 1.84566 2.1649 2.51171 
0.0934029 0.314437 0.541098 0.776001 1.02188 1.28164 1.55834 1.85532 2.17612 2.52465 
0.0946683 0.316727 0.544452 0.780469 1.02753 1.28854 1.56659 1.86502 2.18741 2.53766 
0.0959449 0.319034 0.547827 0.784964 1.03321 1.29548 1.57488 1.87477 2.19875 2.55073 
0.0972325 0.321356 0.551223 0.789484 1.03892 1.30245 1.58322 1.88458 2.21015 2.56387 
0.0985313 0.323694 0.55464 0.794031 1.04466 1.30947 1.5916 1.89443 2.22161 2.57708 
0.0998415 0.326048 0.558077 0.798604 1.05043 1.31652 1.60002 1.90434 2.23312 2.59035 
0.101163 0.328418 0.561536 0.803203 1.05623 1.32361 1.60849 1.9143 2.2447 2.6037 
0.102496 0.330804 0.565016 0.807829 1.06207 1.33074 1.61701 1.92431 2.25634 2.61711 
0.103841 0.333207 0.568517 0.812481 1.06794 1.3379 1.62557 1.93438 2.26804 2.6306 
0.105197 0.335626 0.57204 0.817161 1.07384 1.34511 1.63417 1.94449 2.2798 2.64415 
0.106565 0.338062 0.575584 0.821867 1.07978 1.35235 1.64283 1.95466 2.29162 2.65778 
0.107944 0.340514 0.57915 0.826601 1.08575 1.35964 1.65152 1.96489 2.30351 2.67147 
0.109336 0.342983 0.582738 0.831362 1.09175 1.36696 1.66027 1.97517 2.31545 2.68523 
0.11074 0.345469 0.586348 0.83615 1.09778 1.37433 1.66906 1.9855 2.32746 2.69907 
0.112155 0.347972 0.58998 0.840966 1.10385 1.38173 1.67789 1.99589 2.33953 2.71298 
0.113583 0.350492 0.593634 0.84581 1.10995 1.38917 1.68678 2.00633 2.35166 2.72696 
0.115024 0.353029 0.597311 0.850682 1.11609 1.39666 1.69571 2.01682 2.36386 2.74101 
0.116476 0.355584 0.601011 0.855582 1.12226 1.40418 1.70469 2.02737 2.37611 2.75513 
0.117941 0.358156 0.604733 0.86051 1.12846 1.41175 1.71372 2.03798 2.38844 2.76933 
0.119418 0.360745 0.608477 0.865466 1.1347 1.41935 1.72279 2.04864 2.40082 2.7836 
0.120909 0.363353 0.612245 0.870452 1.14098 1.427 1.73191 2.05936 2.41328 2.79794 
0.122411 0.365977 0.616036 0.875466 1.14729 1.43469 1.74109 2.07013 2.42579 2.81236 
0.123927 0.36862 0.619851 0.880509 1.15363 1.44242 1.75031 2.08096 2.43837 2.82685 
0.125456 0.371281 0.623688 0.885581 1.16001 1.45019 1.75958 2.09185 2.45102 2.84142 
0.126997 0.37396 0.627549 0.890683 1.16642 1.45801 1.76889 2.1028 2.46373 2.85606 
0.128552 0.376657 0.631434 0.895814 1.17287 1.46586 1.77826 2.1138 2.47651 2.87078 
0.13012 0.379373 0.635343 0.900974 1.17936 1.47376 1.78768 2.12486 2.48936 2.88558 
0.131701 0.382107 0.639275 0.906164 1.18588 1.48171 1.79715 2.13598 2.50227 2.90045 
0.133296 0.38486 0.643232 0.911385 1.19244 1.48969 1.80667 2.14716 2.51525 2.9154 
0.134904 0.387631 0.647213 0.916635 1.19903 1.49772 1.81624 2.15839 2.5283 2.93042 
0.136526 0.390421 0.651218 0.921916 1.20566 1.50579 1.82586 2.16969 2.54141 2.94553 
0.138161 0.39323 0.655248 0.927227 1.21233 1.51391 1.83553 2.18104 2.5546 2.96071 
0.139811 0.396059 0.659303 0.932569 1.21904 1.52207 1.84525 2.19246 2.56785 2.97597 
0.141474 0.398906 0.663382 0.937942 1.22578 1.53027 1.85503 2.20393 2.58117 2.99131 
0.143151 0.401773 0.667487 0.943346 1.23256 1.53852 1.86486 2.21546 2.59456 3.00672 
0.144842 0.40466 0.671616 0.948781 1.23938 1.54681 1.87474 2.22706 2.60802 3.02222 
0.146548 0.407566 0.675771 0.954248 1.24623 1.55515 1.88467 2.23872 2.62155 3.0378 
0.148268 0.410491 0.679952 0.959746 1.25313 1.56353 1.89465 2.25043 2.63515 3.05346 
0.150002 0.413437 0.684158 0.965275 1.26006 1.57196 1.90469 2.26221 2.64882 3.0692 
0.151751 0.416402 0.68839 0.970837 1.26703 1.58044 1.91478 2.27405 2.66257 3.08502 
0.153514 0.419388 0.692647 0.976431 1.27404 1.58896 1.92493 2.28596 2.67638 3.10092 
0.155292 0.422394 0.696931 0.982057 1.28109 1.59753 1.93513 2.29792 2.69027 3.11691 
0.157085 0.425421 0.701241 0.987716 1.28817 1.60614 1.94538 2.30995 2.70423 3.13297 
0.158893 0.428467 0.705578 0.993407 1.2953 1.6148 1.95569 2.32204 2.71826 3.14912 
0.160716 0.431535 0.709941 0.999131 1.30247 1.62351 1.96605 2.3342 2.73236 3.16536 
0.162555 0.434623 0.714331 1.00489 1.30967 1.63226 1.97647 2.34642 2.74654 3.18168 
0.164408 0.437733 0.718747 1.01068 1.31692 1.64106 1.98695 2.3587 2.76079 3.19808 
0.166277 0.440863 0.723191 1.0165 1.32421 1.64991 1.99748 2.37105 2.77512 3.21456 
0.168162 0.444014 0.727662 1.02236 1.33153 1.65881 2.00806 2.38346 2.78952 3.23114 
0.170062 0.447187 0.73216 1.02825 1.3389 1.66776 2.0187 2.39594 2.80399 3.2478 
0.171978 0.450382 0.736686 1.03418 1.34631 1.67675 2.0294 2.40848 2.81854 3.26454 
0.17391 0.453598 0.74124 1.04014 1.35376 1.68579 2.04016 2.42109 2.83317 3.28137 
0.175858 0.456835 0.745821 1.04613 1.36125 1.69488 2.05097 2.43377 2.84787 3.29829 
0.177822 0.460095 0.750431 1.05216 1.36879 1.70403 2.06184 2.44651 2.86265 3.31529 
