0 0 0 0 0 0 0 0 0 
8.32278e-07 1.67484e-06 2.5381e-06 3.43273e-06 4.36978e-06 5.36084e-06 6.41814e-06 7.55477e-06 0.00624244 
0.000103228 3.36654e-06 5.10176e-06 6.90002e-06 8.78356e-06 1.07756e-05 1.29009e-05 0.00252928 0.00855707 
0.000170065 3.76233e-05 7.69116e-06 1.04021e-05 1.32417e-05 1.62448e-05 0.00101624 0.00394042 0.00985873 
0.00023031 7.13868e-05 7.07331e-06 1.39393e-05 1.77444e-05 0.000399793 0.00177971 0.00515147 0.0109805 
0.000283373 0.000108188 2.21087e-05 1.04377e-05 0.000149298 0.000786045 0.00258391 0.00614395 0.0119057 
0.000333051 0.00014274 4.12956e-05 6.43078e-05 0.000338978 0.00125316 0.0032946 0.00703237 0.0127374 
0.000379637 0.000177186 8.9338e-05 0.000163203 0.00059478 0.00170647 0.00397845 0.00782531 0.0134833 
0.000424191 0.000222098 0.000152532 0.000305249 0.000867083 0.0021732 0.00461283 0.00855468 0.0141722 
0.0004717 0.000274298 0.000240367 0.0004682 0.00116548 0.002629 0.00521761 0.00922887 0.0148116 
0.000524081 0.000339084 0.000344259 0.00065569 0.00147279 0.00308134 0.00578996 0.00986059 0.0154129 
0.000584724 0.000414729 0.000466247 0.000857907 0.00179034 0.00352347 0.0063376 0.0104557 0.0159815 
0.000655109 0.000503122 0.000602015 0.00107439 0.00211164 0.00395781 0.0068616 0.0110207 0.016523 
0.000736959 0.00060346 0.000751342 0.00130067 0.00243626 0.0043826 0.00736573 0.0115594 0.0170411 
0.000831054 0.000716204 0.000912034 0.00153563 0.0027616 0.00479889 0.00785162 0.0120756 0.0175392 
0.000938086 0.000840865 0.00108343 0.00177713 0.00308715 0.00520646 0.00832148 0.0125721 0.0180196 
0.0010583 0.000977363 0.00126432 0.00202429 0.00341185 0.00560597 0.00877677 0.0130511 0.0184845 
0.00119183 0.0011253 0.0014541 0.00227602 0.00373541 0.0059977 0.00921899 0.0135147 0.0189357 
0.00133858 0.00128439 0.00165205 0.00253176 0.00405746 0.00638221 0.00964932 0.0139645 0.0193746 
0.00149839 0.00145426 0.00185769 0.00279094 0.00437792 0.00675992 0.0100689 0.0144019 0.0198026 
0.001671 0.00163459 0.00207056 0.00305325 0.00469671 0.00713133 0.0104786 0.0148282 0.0202207 
0.00185611 0.00182501 0.00229029 0.00331841 0.00501391 0.0074969 0.0108795 0.0152443 0.0206298 
0.00205338 0.00202519 0.00251657 0.00358624 0.00532959 0.00785711 0.0112722 0.0156514 0.021031 
0.00226245 0.0022348 0.00274912 0.00385662 0.00564389 0.00821238 0.0116574 0.0160501 0.0214249 
0.00248296 0.00245352 0.00298771 0.00412946 0.00595697 0.00856316 0.012036 0.0164414 0.0218122 
0.00271455 0.00268105 0.00323215 0.00440472 0.00626899 0.00890985 0.0124083 0.0168258 0.0221935 
0.00295686 0.0029171 0.00348223 0.00468237 0.00658014 0.00925285 0.0127751 0.017204 0.0225694 
0.00320955 0.00316141 0.00373781 0.00496242 0.00689059 0.00959254 0.0131368 0.0175766 0.0229404 
0.00347228 0.0034137 0.00399874 0.00524486 0.00720054 0.00992926 0.013494 0.017944 0.023307 
0.00374473 0.00367375 0.0042649 0.00552973 0.00751016 0.0102634 0.013847 0.0183069 0.0236696 
0.00402659 0.00394132 0.00453617 0.00581704 0.00781965 0.0105952 0.0141962 0.0186656 0.0240287 
0.00431759 0.00421621 0.00481245 0.00610682 0.00812916 0.010925 0.0145422 0.0190206 0.0243846 
0.00461744 0.00449821 0.00509365 0.00639912 0.00843888 0.0112531 0.0148852 0.0193722 0.0247377 
0.00492589 0.00478714 0.00537968 0.00669397 0.00874896 0.0115797 0.0152256 0.0197209 0.0250883 
0.00524271 0.00508282 0.00567046 0.00699141 0.00905956 0.0119052 0.0155638 0.020067 0.0254367 
0.00556766 0.0053851 0.00596593 0.00729148 0.00937084 0.0122297 0.0158999 0.0204107 0.0257832 
0.00590054 0.00569383 0.00626603 0.00759421 0.00968293 0.0125536 0.0162344 0.0207525 0.0261281 
0.00624115 0.00600887 0.0065707 0.00789966 0.00999597 0.0128769 0.0165675 0.0210925 0.0264717 
0.0065893 0.00633008 0.00687989 0.00820786 0.0103101 0.0132 0.0168994 0.0214311 0.0268142 
0.00694484 0.00665736 0.00719356 0.00851886 0.0106254 0.013523 0.0172304 0.0217685 0.0271558 
0.0073076 0.00699059 0.00751166 0.00883268 0.0109421 0.0138461 0.0175607 0.022105 0.0274967 
0.00767743 0.00732967 0.00783417 0.00914938 0.0112602 0.0141695 0.0178906 0.0224407 0.0278371 
0.0080542 0.00767451 0.00816104 0.00946899 0.0115798 0.0144933 0.0182201 0.0227759 0.0281773 
0.00843779 0.00802502 0.00849225 0.00979156 0.0119011 0.0148177 0.0185496 0.0231108 0.0285174 
0.00882808 0.00838113 0.00882779 0.0101171 0.0122242 0.0151429 0.0188792 0.0234455 0.0288575 
0.00922496 0.00874277 0.00916762 0.0104457 0.0125491 0.015469 0.0192091 0.0237803 0.0291979 
0.00962834 0.00910987 0.00951173 0.0107773 0.012876 0.0157961 0.0195393 0.0241153 0.0295387 
0.0100381 0.00948237 0.0098601 0.0111121 0.0132048 0.0161244 0.0198702 0.0244507 0.02988 
0.0104543 0.00986022 0.0102127 0.01145 0.0135358 0.0164539 0.0202018 0.0247867 0.030222 
0.0108766 0.0102434 0.0105696 0.011791 0.013869 0.0167849 0.0205343 0.0251233 0.0305649 
0.0113052 0.0106318 0.0109307 0.0121353 0.0142045 0.0171173 0.0208678 0.0254607 0.0309086 
0.0117399 0.0110254 0.0112961 0.0124828 0.0145423 0.0174514 0.0212024 0.025799 0.0312534 
0.0121807 0.0114242 0.0116657 0.0128336 0.0148825 0.0177871 0.0215383 0.0261384 0.0315993 
0.0126275 0.0118282 0.0120395 0.0131877 0.0152251 0.0181247 0.0218755 0.026479 0.0319465 
0.0130803 0.0122374 0.0124176 0.0135452 0.0155704 0.0184642 0.0222142 0.0268208 0.032295 
0.013539 0.0126516 0.0127999 0.013906 0.0159182 0.0188057 0.0225544 0.027164 0.032645 
0.0140037 0.013071 0.0131864 0.0142703 0.0162687 0.0191492 0.0228964 0.0275088 0.0329966 
0.0144742 0.0134954 0.0135772 0.014638 0.0166219 0.0194949 0.02324 0.0278551 0.0333498 
0.0149506 0.0139249 0.0139723 0.0150092 0.016978 0.0198428 0.0235856 0.0282031 0.0337047 
0.0154329 0.0143595 0.0143717 0.0153839 0.0173368 0.020193 0.023933 0.0285528 0.0340614 
0.015921 0.0147991 0.0147753 0.0157622 0.0176986 0.0205455 0.0242825 0.0289044 0.0344199 
0.0164149 0.0152438 0.0151832 0.016144 0.0180633 0.0209005 0.024634 0.0292579 0.0347804 
0.0169146 0.0156935 0.0155955 0.0165295 0.018431 0.0212581 0.0249877 0.0296134 0.035143 
0.0174201 0.0161484 0.0160121 0.0169186 0.0188018 0.0216181 0.0253437 0.029971 0.0355075 
0.0179314 0.0166082 0.0164331 0.0173114 0.0191756 0.0219808 0.0257019 0.0303307 0.0358743 
0.0184485 0.0170732 0.0168584 0.017708 0.0195526 0.0223462 0.0260625 0.0306926 0.0362432 
0.0189714 0.0175432 0.0172881 0.0181082 0.0199328 0.0227144 0.0264256 0.0310568 0.0366144 
0.0195002 0.0180184 0.0177222 0.0185123 0.0203163 0.0230853 0.0267911 0.0314234 0.0369879 
0.0200347 0.0184986 0.0181608 0.0189202 0.020703 0.0234591 0.0271592 0.0317923 0.0373638 
0.0205751 0.018984 0.0186038 0.0193319 0.021093 0.0238358 0.0275299 0.0321637 0.0377422 
0.0211213 0.0194745 0.0190513 0.0197475 0.0214864 0.0242154 0.0279033 0.0325375 0.0381229 
0.0216734 0.0199702 0.0195034 0.0201671 0.0218832 0.0245981 0.0282794 0.032914 0.0385063 
0.0222313 0.020471 0.0199599 0.0205905 0.0222835 0.0249838 0.0286582 0.033293 0.0388921 
0.0227952 0.0209771 0.020421 0.021018 0.0226873 0.0253726 0.0290399 0.0336747 0.0392807 
0.0233649 0.0214883 0.0208867 0.0214495 0.0230945 0.0257646 0.0294244 0.0340591 0.0396718 
0.0239406 0.0220048 0.021357 0.021885 0.0235054 0.0261597 0.0298119 0.0344462 0.0400657 
0.0245223 0.0225266 0.0218319 0.0223246 0.0239199 0.0265581 0.0302023 0.0348362 0.0404623 
0.0251099 0.0230537 0.0223115 0.0227684 0.024338 0.0269597 0.0305957 0.035229 0.0408617 
0.0257035 0.0235861 0.0227958 0.0232163 0.0247598 0.0273647 0.0309922 0.0356247 0.041264 
0.0263032 0.0241238 0.0232849 0.0236683 0.0251853 0.027773 0.0313918 0.0360233 0.0416691 
0.026909 0.0246669 0.0237787 0.0241246 0.0256146 0.0281847 0.0317945 0.0364249 0.0420771 
0.0275209 0.0252155 0.0242772 0.0245852 0.0260477 0.0285999 0.0322003 0.0368295 0.0424881 
0.0281389 0.0257694 0.0247807 0.02505 0.0264847 0.0290185 0.0326094 0.0372371 0.042902 
0.028763 0.0263289 0.0252889 0.0255191 0.0269255 0.0294407 0.0330217 0.0376479 0.043319 
0.0293934 0.0268938 0.0258021 0.0259926 0.0273702 0.0298664 0.0334374 0.0380618 0.043739 
0.03003 0.0274643 0.0263202 0.0264705 0.0278189 0.0302957 0.0338564 0.0384788 0.0441621 
0.0306729 0.0280404 0.0268432 0.0269529 0.0282715 0.0307286 0.0342787 0.038899 0.0445883 
0.0313221 0.028622 0.0273712 0.0274397 0.0287282 0.0311652 0.0347044 0.0393225 0.0450177 
0.0319776 0.0292093 0.0279043 0.027931 0.0291889 0.0316055 0.0351336 0.0397492 0.0454503 
0.0326395 0.0298023 0.0284424 0.0284268 0.0296537 0.0320496 0.0355663 0.0401793 0.0458861 
0.0333079 0.030401 0.0289856 0.0289272 0.0301227 0.0324974 0.0360025 0.0406127 0.0463251 
0.0339827 0.0310055 0.0295339 0.0294322 0.0305958 0.0329491 0.0364422 0.0410495 0.0467675 
0.0346641 0.0316157 0.0300875 0.0299418 0.0310731 0.0334046 0.0368856 0.0414897 0.0472131 
0.035352 0.0322318 0.0306462 0.0304561 0.0315547 0.033864 0.0373325 0.0419333 0.0476621 
0.0360465 0.0328537 0.0312102 0.0309752 0.0320405 0.0343273 0.0377831 0.0423804 0.0481145 
0.0367476 0.0334816 0.0317794 0.031499 0.0325307 0.0347945 0.0382374 0.042831 0.0485703 
0.0374554 0.0341154 0.032354 0.0320275 0.0330252 0.0352658 0.0386955 0.0432852 0.0490295 
0.03817 0.0347553 0.032934 0.0325609 0.033524 0.0357411 0.0391573 0.0437429 0.0494923 
0.0388914 0.0354011 0.0335193 0.0330992 0.0340273 0.0362204 0.0396228 0.0442043 0.0499585 
0.0396195 0.0360531 0.0341101 0.0336424 0.0345351 0.0367039 0.0400922 0.0446693 0.0504282 
0.0403546 0.0367111 0.0347064 0.0341905 0.0350473 0.0371915 0.0405655 0.0451379 0.0509015 
0.0410966 0.0373754 0.0353082 0.0347436 0.0355641 0.0376832 0.0410427 0.0456103 0.0513784 
0.0418455 0.0380458 0.0359156 0.0353017 0.0360854 0.0381792 0.0415238 0.0460864 0.051859 
0.0426015 0.0387226 0.0365286 0.0358648 0.0366113 0.0386794 0.0420088 0.0465663 0.0523432 
0.0433646 0.0394056 0.0371472 0.0364331 0.0371419 0.0391838 0.0424979 0.04705 0.052831 
0.0441347 0.0400949 0.0377715 0.0370065 0.0376772 0.0396926 0.042991 0.0475375 0.0533226 
0.0449121 0.0407907 0.0384015 0.037585 0.0382171 0.0402057 0.0434881 0.0480288 0.0538179 
0.0456967 0.0414929 0.0390373 0.0381688 0.0387618 0.0407232 0.0439894 0.0485241 0.054317 
0.0464885 0.0422016 0.039679 0.0387578 0.0393113 0.0412451 0.0444947 0.0490233 0.0548199 
0.0472877 0.0429169 0.0403265 0.0393521 0.0398656 0.0417715 0.0450043 0.0495265 0.0553267 
0.0480943 0.0436387 0.0409799 0.0399518 0.0404248 0.0423023 0.045518 0.0500336 0.0558373 
0.0489084 0.0443671 0.0416392 0.0405568 0.0409889 0.0428377 0.046036 0.0505448 0.0563518 
0.0497299 0.0451023 0.0423046 0.0411673 0.0415579 0.0433776 0.0465582 0.05106 0.0568702 
0.050559 0.0458442 0.042976 0.0417832 0.0421319 0.0439221 0.0470847 0.0515793 0.0573926 
0.0513957 0.0465928 0.0436534 0.0424046 0.0427109 0.0444713 0.0476155 0.0521027 0.0579189 
0.05224 0.0473483 0.0443371 0.0430315 0.043295 0.0450251 0.0481508 0.0526303 0.0584493 
0.0530921 0.0481107 0.0450268 0.043664 0.0438842 0.0455836 0.0486904 0.053162 0.0589837 
0.053952 0.0488801 0.0457228 0.0443022 0.0444785 0.0461468 0.0492344 0.053698 0.0595221 
0.0548196 0.0496564 0.0464251 0.044946 0.0450779 0.0467149 0.0497829 0.0542382 0.0600647 
0.0556952 0.0504397 0.0471337 0.0455956 0.0456826 0.0472877 0.050336 0.0547827 0.0606114 
0.0565788 0.0512302 0.0478487 0.0462508 0.0462926 0.0478654 0.0508935 0.0553315 0.0611623 
0.0574704 0.0520278 0.0485701 0.0469119 0.0469078 0.0484479 0.0514556 0.0558846 0.0617174 
0.05837 0.0528326 0.0492979 0.0475789 0.0475283 0.0490354 0.0520224 0.0564421 0.0622767 
0.0592778 0.0536447 0.0500323 0.0482517 0.0481543 0.0496279 0.0525937 0.0570041 0.0628403 
0.0601937 0.0544641 0.0507732 0.0489304 0.0487856 0.0502253 0.0531698 0.0575704 0.0634081 
0.061118 0.0552908 0.0515207 0.0496151 0.0494224 0.0508278 0.0537505 0.0581413 0.0639803 
0.0620505 0.056125 0.0522749 0.0503059 0.0500647 0.0514354 0.054336 0.0587166 0.0645568 
0.0629914 0.0569666 0.0530358 0.0510027 0.0507126 0.052048 0.0549263 0.0592965 0.0651377 
0.0639408 0.0578158 0.0538034 0.0517056 0.051366 0.0526659 0.0555214 0.0598809 0.065723 
0.0648987 0.0586725 0.0545779 0.0524147 0.052025 0.0532889 0.0561214 0.06047 0.0663127 
0.0658651 0.0595369 0.0553592 0.05313 0.0526897 0.0539171 0.0567262 0.0610637 0.066907 
0.0668402 0.060409 0.0561474 0.0538516 0.0533601 0.0545506 0.057336 0.0616621 0.0675057 
0.067824 0.0612889 0.0569427 0.0545794 0.0540363 0.0551894 0.0579507 0.0622652 0.068109 
0.0688166 0.0621766 0.0577449 0.0553136 0.0547182 0.0558336 0.0585705 0.062873 0.0687169 
0.069818 0.0630722 0.0585542 0.0560542 0.055406 0.0564832 0.0591952 0.0634856 0.0693293 
0.0708283 0.0639757 0.0593706 0.0568012 0.0560997 0.0571381 0.0598251 0.0641031 0.0699464 
0.0718475 0.0648872 0.0601942 0.0575547 0.0567993 0.0577986 0.06046 0.0647254 0.0705682 
0.0728758 0.0658068 0.061025 0.0583148 0.0575049 0.0584645 0.0611002 0.0653525 0.0711947 
0.0739132 0.0667345 0.0618632 0.0590815 0.0582165 0.059136 0.0617454 0.0659846 0.0718259 
0.0749598 0.0676703 0.0627086 0.0598548 0.0589341 0.0598131 0.062396 0.0666216 0.0724619 
0.0760156 0.0686144 0.0635615 0.0606347 0.0596579 0.0604959 0.0630518 0.0672637 0.0731028 
0.0770807 0.0695668 0.0644218 0.0614215 0.0603878 0.0611843 0.0637128 0.0679107 0.0737484 
0.0781552 0.0705276 0.0652896 0.062215 0.0611238 0.0618784 0.0643793 0.0685628 0.0743989 
0.0792391 0.0714968 0.066165 0.0630153 0.0618662 0.0625783 0.0650511 0.0692201 0.0750544 
0.0803326 0.0724745 0.067048 0.0638226 0.0626148 0.0632839 0.0657283 0.0698824 0.0757148 
0.0814356 0.0734608 0.0679387 0.0646368 0.0633698 0.0639955 0.066411 0.0705499 0.0763801 
0.0825483 0.0744557 0.0688371 0.0654579 0.0641311 0.0647129 0.0670992 0.0712227 0.0770505 
0.0836708 0.0754592 0.0697433 0.0662862 0.0648989 0.0654362 0.0677929 0.0719007 0.0777259 
0.084803 0.0764715 0.0706574 0.0671215 0.0656731 0.0661655 0.0684922 0.0725839 0.0784064 
0.0859452 0.0774927 0.0715794 0.067964 0.0664539 0.0669009 0.0691972 0.0732725 0.0790921 
0.0870973 0.0785227 0.0725093 0.0688137 0.0672412 0.0676423 0.0699077 0.0739665 0.0797829 
0.0882594 0.0795616 0.0734473 0.0696706 0.0680352 0.0683898 0.070624 0.0746659 0.0804789 
0.0894317 0.0806096 0.0743934 0.0705349 0.0688359 0.0691434 0.0713461 0.0753707 0.0811801 
0.0906141 0.0816667 0.0753476 0.0714065 0.0696432 0.0699033 0.0720739 0.0760809 0.0818866 
0.0918067 0.0827329 0.07631 0.0722856 0.0704574 0.0706694 0.0728075 0.0767967 0.0825984 
0.0930098 0.0838083 0.0772808 0.0731721 0.0712783 0.0714418 0.0735471 0.0775181 0.0833155 
0.0942232 0.084893 0.0782598 0.0740662 0.0721062 0.0722205 0.0742925 0.078245 0.084038 
0.0954471 0.0859871 0.0792472 0.0749678 0.0729409 0.0730056 0.0750439 0.0789776 0.0847659 
0.0966816 0.0870906 0.0802431 0.0758771 0.0737826 0.0737971 0.0758013 0.0797159 0.0854993 
0.0979267 0.0882036 0.0812476 0.0767941 0.0746314 0.0745951 0.0765647 0.0804598 0.0862382 
0.0991826 0.0893262 0.0822606 0.0777189 0.0754872 0.0753996 0.0773342 0.0812096 0.0869826 
0.100449 0.0904584 0.0832822 0.0786515 0.0763502 0.0762107 0.0781098 0.0819651 0.0877325 
0.101727 0.0916003 0.0843126 0.0795919 0.0772203 0.0770285 0.0788916 0.0827264 0.0884881 
0.103015 0.092752 0.0853517 0.0805403 0.0780977 0.0778528 0.0796797 0.0834937 0.0892493 
0.104315 0.0939136 0.0863997 0.0814967 0.0789823 0.0786839 0.080474 0.0842669 0.0900162 
0.105626 0.0950851 0.0874566 0.0824612 0.0798744 0.0795218 0.0812746 0.085046 0.0907889 
0.106948 0.0962665 0.0885225 0.0834337 0.0807737 0.0803665 0.0820815 0.0858311 0.0915673 
0.108281 0.0974581 0.0895974 0.0844144 0.0816806 0.081218 0.0828949 0.0866223 0.0923515 
0.109625 0.0986599 0.0906815 0.0854034 0.0825949 0.0820764 0.0837147 0.0874196 0.0931415 
0.110981 0.0998718 0.0917747 0.0864006 0.0835169 0.0829418 0.084541 0.088223 0.0939375 
0.112349 0.101094 0.0928771 0.0874062 0.0844464 0.0838143 0.0853738 0.0890326 0.0947393 
0.113728 0.102327 0.0939889 0.0884203 0.0853836 0.0846937 0.0862132 0.0898484 0.0955472 
0.115119 0.10357 0.0951101 0.0894428 0.0863285 0.0855803 0.0870592 0.0906705 0.096361 
0.116522 0.104823 0.0962407 0.0904738 0.0872812 0.0864741 0.087912 0.0914989 0.0971809 
0.117937 0.106088 0.0973808 0.0915134 0.0882418 0.0873751 0.0887714 0.0923337 0.0980069 
0.119364 0.107363 0.0985305 0.0925617 0.0892102 0.0882834 0.0896376 0.0931748 0.098839 
0.120802 0.108648 0.0996899 0.0936188 0.0901866 0.0891989 0.0905107 0.0940224 0.0996774 
0.122253 0.109945 0.100859 0.0946846 0.091171 0.0901219 0.0913906 0.0948765 0.100522 
0.123716 0.111252 0.102038 0.0957593 0.0921635 0.0910523 0.0922774 0.0957371 0.101373 
0.125192 0.112571 0.103227 0.0968429 0.0931641 0.0919902 0.0931713 0.0966043 0.10223 
0.12668 0.113901 0.104426 0.0979355 0.0941729 0.0929356 0.0940721 0.0974781 0.103093 
0.128181 0.115241 0.105634 0.0990372 0.09519 0.0938886 0.09498 0.0983586 0.103963 
0.129694 0.116593 0.106853 0.100148 0.0962154 0.0948492 0.095895 0.0992459 0.104839 
0.13122 0.117957 0.108082 0.101268 0.0972491 0.0958176 0.0968173 0.10014 0.105722 
0.132758 0.119332 0.109322 0.102397 0.0982913 0.0967937 0.0977467 0.101041 0.106611 
0.13431 0.120718 0.110571 0.103536 0.099342 0.0977777 0.0986834 0.101948 0.107507 
0.135874 0.122116 0.111831 0.104684 0.100401 0.0987695 0.0996274 0.102863 0.10841 
0.137452 0.123526 0.113102 0.105841 0.101469 0.0997692 0.100579 0.103785 0.109319 
0.139043 0.124947 0.114383 0.107008 0.102546 0.100777 0.101538 0.104713 0.110235 
0.140647 0.12638 0.115674 0.108185 0.103631 0.101793 0.102504 0.105649 0.111158 
0.142265 0.127825 0.116977 0.109371 0.104725 0.102817 0.103478 0.106591 0.112087 
0.143896 0.129283 0.11829 0.110567 0.105828 0.103849 0.104459 0.107541 0.113023 
0.14554 0.130752 0.119614 0.111773 0.10694 0.104889 0.105448 0.108498 0.113966 
0.147199 0.132233 0.120949 0.112988 0.108061 0.105937 0.106445 0.109463 0.114917 
0.148871 0.133727 0.122295 0.114214 0.109191 0.106994 0.10745 0.110435 0.115874 
0.150557 0.135234 0.123652 0.115449 0.11033 0.108059 0.108462 0.111414 0.116838 
0.152257 0.136752 0.125021 0.116695 0.111478 0.109133 0.109483 0.1124 0.117809 
0.153971 0.138284 0.1264 0.117951 0.112635 0.110215 0.110511 0.113394 0.118788 
0.155699 0.139827 0.127791 0.119217 0.113802 0.111306 0.111547 0.114395 0.119773 
0.157442 0.141384 0.129194 0.120494 0.114979 0.112406 0.112591 0.115404 0.120766 
