0 0 0 0 0 0 0 0 0 
0.00799421 0.00751173 0.00769515 0.00847791 0.00985683 0.0118907 0.0147058 0.0185082 0.023606 
0.0217436 0.0201383 0.0197473 0.0204098 0.0220115 0.0244718 0.0277265 0.0317054 0.0363001 
0.0409512 0.0375026 0.0357726 0.0355039 0.0364805 0.0385149 0.0414352 0.0450713 0.0492419 
0.0657986 0.0598162 0.0560776 0.0542383 0.0539979 0.0550896 0.0572691 0.0603056 0.0639727 
0.0969521 0.0877153 0.0813152 0.0773205 0.0753512 0.0750678 0.076162 0.078347 0.0813495 
0.135434 0.122133 0.112362 0.105595 0.101367 0.0992625 0.098905 0.0999475 0.102064 
0.182554 0.164246 0.15029 0.14005 0.132964 0.128532 0.1263 0.125853 0.126802 
0.2399 0.215476 0.196376 0.181841 0.171197 0.163842 0.159236 0.156881 0.156318 
0.309356 0.277501 0.252126 0.232324 0.21729 0.206307 0.198728 0.193964 0.19147 
