0 0 0 0 0 0 0 0 0 
0.00148362 0.00133427 0.00146938 0.00191276 0.00275651 0.00418138 0.00649689 0.01021 0.0161376 
0.00651913 0.00617144 0.00660075 0.00784169 0.00997221 0.01309 0.0172537 0.0223586 0.027888 
0.0160429 0.0149987 0.015124 0.016309 0.0184552 0.02146 0.0252307 0.0297751 0.0354754 
0.0293105 0.026865 0.0258701 0.0261781 0.0276835 0.0303372 0.034144 0.0390932 0.0448815 
0.0457015 0.0415536 0.0392006 0.0384784 0.0392537 0.0414029 0.0447979 0.049346 0.0552486 
0.0659092 0.0596361 0.0555655 0.0534688 0.0531628 0.0545191 0.057477 0.062019 0.067928 
0.0905495 0.0816678 0.0754561 0.071655 0.0700565 0.0704886 0.0727928 0.0768265 0.0826779 
0.120428 0.108378 0.0995672 0.0936642 0.0903958 0.0895481 0.09098 0.0946234 0.100286 
0.156498 0.140607 0.128611 0.120116 0.114804 0.11242 0.112744 0.115582 0.120926 
