0 0.11134 0.224056 0.339541 0.459222 0.584578 0.717158 0.858602 1.01066 1.1752 
0.00195668 0.125908 0.251721 0.380912 0.515102 0.656033 0.80562 0.966001 1.13964 1.32945 
0.00765542 0.145566 0.285983 0.430636 0.58134 0.740022 0.908713 1.08952 1.28452 1.49554 
0.0184075 0.17143 0.327694 0.488991 0.657204 0.834299 1.02234 1.22351 1.44026 1.6756 
0.0333757 0.202959 0.376308 0.555426 0.742391 0.939405 1.14883 1.37324 1.61534 1.87775 
0.0518627 0.239757 0.432062 0.630989 0.83886 1.05812 1.29134 1.54126 1.81083 2.10352 
0.0746491 0.28277 0.496037 0.7169 0.94791 1.19176 1.45135 1.72981 2.03051 2.35691 
0.102428 0.332895 0.569354 0.81451 1.07121 1.34247 1.63148 1.94165 2.27665 2.64066 
0.136107 0.391254 0.653377 0.925474 1.21069 1.51234 1.83398 2.17947 2.55297 2.95887 
0.176759 0.459151 0.749654 1.05158 1.36841 1.70385 2.06186 2.44667 2.86283 3.31545 
