0 0.11134 0.224056 0.339541 0.459222 0.584578 0.717158 0.858602 1.01066 1.1752 
0.00928109 0.132419 0.257898 0.387138 0.521667 0.663134 0.813329 0.97421 1.14794 1.33692 
0.024783 0.16079 0.29995 0.443782 0.593908 0.752061 0.920094 1.09999 1.29386 1.50395 
0.0464292 0.196338 0.350198 0.50964 0.676399 0.852324 1.03939 1.23971 1.45556 1.68937 
0.0744248 0.239447 0.409259 0.585633 0.770451 0.965719 1.17359 1.39637 1.63655 1.89684 
0.10952 0.291007 0.478224 0.673103 0.877702 1.09422 1.32501 1.57263 1.83983 2.12962 
0.152864 0.352294 0.558534 0.773697 1.00004 1.23997 1.4961 1.77123 2.06844 2.39104 
0.205933 0.424899 0.651933 0.889344 1.13961 1.40537 1.68952 1.99516 2.32568 2.68478 
0.270513 0.510726 0.760475 1.02228 1.29886 1.59314 1.90828 2.24772 2.61523 3.01491 
0.348725 0.612009 0.886547 1.17509 1.48062 1.80634 2.15575 2.53265 2.94121 3.386 
