0 0.111111 0.222222 0.333333 0.444444 0.555556 0.666667 0.777778 0.888889 1 
0.111111 0.204881 0.276795 0.341357 0.411519 0.488965 0.569369 0.647704 0.720648 0.787095 
0.222222 0.304464 0.345868 0.369029 0.398263 0.440611 0.49129 0.542346 0.588025 0.626425 
0.333333 0.402124 0.414354 0.403065 0.398638 0.410094 0.433848 0.461708 0.486849 0.506563 
0.444444 0.495825 0.477641 0.437805 0.408643 0.396357 0.397691 0.405782 0.414306 0.420217 
0.555556 0.585248 0.53623 0.473811 0.428045 0.399214 0.383337 0.375007 0.369329 0.363617 
0.666667 0.671916 0.594516 0.516055 0.460143 0.420341 0.391882 0.370345 0.352278 0.335749 
0.777778 0.759742 0.660617 0.572839 0.511197 0.463877 0.425972 0.393674 0.364539 0.337312 
0.888889 0.855469 0.746265 0.655415 0.590488 0.537257 0.491291 0.449237 0.409259 0.370531 
1 0.968688 0.86672 0.778865 0.712009 0.653453 0.59934 0.546809 0.494388 0.441539 
