6.71938e-05 0.000142894 0.000225335 0.000312421 0.00040178 0.000490826 0.000576839 0.000657048 0.000728728 0.000789284 0.000836349 0.000867854 0.000882108 0.000877842 0.00085425 0.000811005 0.000748254 0.000666589 0.000567009 0.00045085 0.000319711 0.000175362 1.96481e-05 0.000145617 0.000318747 0.000498284 0.000683086 0.0008724 0.00106593 
0.000135546 0.000287986 0.000453788 0.000628767 0.000808185 0.000986883 0.00115943 0.0013203 0.00146406 0.00158553 0.00167999 0.00174332 0.00177214 0.00176392 0.00171706 0.00163092 0.00150578 0.00134283 0.00114407 0.000912161 0.000650307 0.00036204 5.10441e-05 0.000279055 0.000624889 0.00098354 0.00135272 0.00173092 0.00211753 
0.000206222 0.000437488 0.000688501 0.000952996 0.00122389 0.00149346 0.0017536 0.00199605 0.00221269 0.00239581 0.00253833 0.00263411 0.00267812 0.00266658 0.00259711 0.00246875 0.00228193 0.00203844 0.00174128 0.00139444 0.0010027 0.000571349 0.000105912 0.000388183 0.00090589 0.00144283 0.00199556 0.00256181 0.00314062 
0.000280399 0.000593638 0.00093266 0.00128913 0.00165364 0.00201595 0.0023653 0.00269075 0.00298152 0.00322738 0.00341899 0.0035482 0.00360834 0.00359443 0.00350331 0.00333372 0.00308627 0.00276333 0.00236889 0.00190827 0.00138782 0.000814599 0.000195928 0.000460964 0.00114935 0.0018634 0.0025985 0.00335158 0.00412133 
0.000359273 0.000758718 0.00118952 0.0016413 0.00210235 0.00255995 0.00300072 0.00341109 0.0037777 0.00408785 0.00432995 0.00449391 0.00457145 0.00455642 0.00444492 0.00423539 0.00392863 0.00352762 0.00303732 0.00246437 0.00181671 0.0011031 0.000332696 0.000485497 0.00134308 0.00223276 0.00314875 0.00408715 0.00504623 
0.000444061 0.000935059 0.00146243 0.00201376 0.00257508 0.00313123 0.0036663 0.00416412 0.0046088 0.00498523 0.00527964 0.00548003 0.00557659 0.005562 0.00543165 0.00518375 0.00481926 0.00434177 0.00375725 0.00307365 0.00230046 0.00144817 0.000527728 0.000450071 0.00147517 0.0025388 0.00363398 0.00475594 0.00590251 
0.000536011 0.00112506 0.00175483 0.00241091 0.00307712 0.0037359 0.00436885 0.00495729 0.00548284 0.00592808 0.00627708 0.006516 0.00663354 0.00662126 0.00647388 0.00618937 0.0057689 0.00521669 0.00453972 0.00374723 0.00285029 0.00186111 0.000792419 0.000343203 0.00153403 0.00276983 0.00404238 0.00534604 0.00667808 
0.000636403 0.00133119 0.0020703 0.00283737 0.00361402 0.00438037 0.0051156 0.00579856 0.00640847 0.00692562 0.00733202 0.00761203 0.00775287 0.00774507 0.0075827 0.00726351 0.00678893 0.00616381 0.00539615 0.00449653 0.00347757 0.00235323 0.00113802 0.000153693 0.00150852 0.00291471 0.00436282 0.00584626 0.00736172 
0.000746547 0.00155599 0.00241256 0.00329793 0.00419161 0.00507146 0.00591426 0.00669649 0.00739501 0.00798788 0.00845508 0.00877923 0.00894613 0.00894528 0.00877015 0.00841832 0.0078915 0.00719522 0.0063385 0.00533332 0.00419387 0.00293586 0.00157563 0.000129328 0.00138795 0.00296294 0.00458493 0.00624634 0.0079432 
0.000867787 0.00180209 0.00278544 0.00379762 0.00481607 0.00581641 0.00677312 0.00766033 0.0084526 0.0091258 0.00965792 0.0100298 0.010226 0.0102349 0.0100494 0.00966699 0.00908969 0.00832377 0.00737934 0.00626978 0.00501094 0.00362032 0.00211613 0.000516342 0.00116221 0.00290473 0.00469919 0.00653699 0.00841341 
0.00100149 0.00207218 0.00319294 0.0043417 0.00549388 0.00662293 0.00770108 0.00870013 0.00959235 0.0103514 0.0109534 0.0113774 0.0116065 0.0116282 0.0114349 0.0110239 0.0103977 0.00956327 0.00853194 0.00731859 0.0059408 0.00441794 0.00277017 0.00101737 0.000821867 0.00273114 0.00469708 0.00671001 0.00876447 
0.00114905 0.00236901 0.00363915 0.00493561 0.00623186 0.00749924 0.00870771 0.00982678 0.0108264 0.0116781 0.0123558 0.012837 0.0131033 0.0131413 0.0129428 0.0125051 0.011831 0.0109286 0.00981047 0.00849302 0.00699575 0.00534005 0.00354814 0.00164189 0.00035823 0.00243417 0.00457118 0.00675848 0.0089898 
0.00131183 0.00269532 0.00412821 0.00558497 0.00703716 0.00845403 0.00980331 0.0110521 0.0121681 0.0131205 0.0138811 0.0144256 0.014734 0.0147921 0.014591 0.0141281 0.0134068 0.0124361 0.0112301 0.00980699 0.00818841 0.00639793 0.00446002 0.00239871 0.000236463 0.00200694 0.00431532 0.00667679 0.00908427 
0.00149116 0.00305379 0.00466427 0.00629548 0.00791715 0.00949647 0.0109989 0.0123891 0.0136323 0.0146951 0.0155471 0.0161621 0.0165184 0.0166007 0.0163997 0.0159128 0.015144 0.0141035 0.0128071 0.0112752 0.00953175 0.0076028 0.00551534 0.00329583 0.000968886 0.00144388 0.00392479 0.00646088 0.00904432 
0.00168827 0.00344698 0.00525132 0.00707276 0.00887931 0.0106361 0.0123062 0.0138517 0.015235 0.0164201 0.017374 0.018068 0.018479 0.0185903 0.0183919 0.0178814 0.0170637 0.0159504 0.0145593 0.0129133 0.0110391 0.00896571 0.00672302 0.00434023 0.00184436 0.000740952 0.00339654 0.00610837 0.00886799 
0.00190421 0.00387708 0.00589297 0.00792216 0.00993107 0.0118827 0.0137377 0.0154551 0.0169942 0.0183159 0.0193843 0.0201679 0.0206416 0.020787 0.0205937 0.0200594 0.01919 0.0179988 0.0165062 0.0147379 0.0127242 0.0104974 0.00809109 0.00553752 0.00286653 0.000103945 0.00272949 0.0056188 0.00855515 
0.00213969 0.00434576 0.00659218 0.00884841 0.0110794 0.0132461 0.0153062 0.0172155 0.0189296 0.0204056 0.0216038 0.0224898 0.0230356 0.0232212 0.0230353 0.0224759 0.02155 0.0202732 0.018669 0.0167668 0.014601 0.0122083 0.00962645 0.00689161 0.00403687 0.00109055 0.00192497 0.00499398 0.00810763 
0.00239493 0.00485374 0.00735076 0.00985513 0.0123306 0.0147357 0.017025 0.0191504 0.0210629 0.0227148 0.024062 0.0250659 0.0256953 0.025928 0.0257516 0.0251643 0.0241748 0.0228015 0.0210715 0.0190192 0.0166839 0.014108 0.0113344 0.00840402 0.00535402 0.00221555 0.000987315 0.00423839 0.00752942 
0.00266934 0.00540032 0.00816869 0.010944 0.0136891 0.01636 0.0189074 0.0212783 0.0234179 0.0252726 0.0267924 0.0279336 0.0286607 0.0289485 0.0287835 0.028164 0.0271006 0.0256154 0.0237403 0.0215156 0.0189874 0.016205 0.0132179 0.0100732 0.00681288 0.00347166 7.53525e-05 0.0033598 0.00682703 
0.00296109 0.00598253 0.00904311 0.0121139 0.0151569 0.0181257 0.020966 0.0236184 0.0260209 0.0281119 0.029834 0.0311366 0.0319786 0.0323313 0.0321792 0.0315209 0.0303696 0.0287516 0.0267053 0.0242786 0.0215262 0.0185062 0.0152769 0.0118932 0.00840332 0.00484631 0.00124991 0.00237016 0.0060099 
0.00326649 0.00659402 0.00996682 0.0133588 0.0167321 0.0200366 0.0232121 0.0261907 0.0289007 0.0312703 0.0332319 0.0347261 0.0357049 0.0361341 0.035996 0.0352897 0.0340312 0.0322528 0.0300007 0.0273328 0.0243147 0.0210163 0.0175072 0.0138523 0.0101084 0.00631977 0.00251655 0.00128685 0.00509107 
0.00357898 0.00722327 0.010926 0.0146663 0.0184063 0.022092 0.0256547 0.0290153 0.032089 0.0347905 0.037039 0.0387633 0.0399058 0.0404261 0.040303 0.0395359 0.0381449 0.0361694 0.033666 0.0307053 0.0273672 0.0237368 0.0198986 0.0159311 0.0119018 0.00786257 0.00384638 0.000134594 0.00408819 
0.00388762 0.00785089 0.0118972 0.0160133 0.0201625 0.0242844 0.028299 0.0321119 0.0356208 0.0387221 0.0413176 0.0433208 0.0446616 0.0452909 0.0451834 0.0443387 0.0427817 0.0405613 0.0377472 0.0344262 0.0306972 0.0266649 0.0224332 0.018099 0.0137445 0.00943177 0.00519786 0.00105176 0.00302505 
0.00417472 0.00844553 0.0128418 0.0173621 0.02197 0.0265963 0.0311447 0.0354996 0.039535 0.0431229 0.0461424 0.0484866 0.0500695 0.0508306 0.0507389 0.0497943 0.0480281 0.0455006 0.0422986 0.03853 0.0343176 0.0297919 0.0250829 0.0203113 0.01558 0.0109656 0.00651155 0.00222293 0.00193397 
0.00441182 0.00895731 0.0136995 0.0186528 0.0237797 0.0289967 0.0341837 0.0391959 0.0438749 0.048061 0.051603 0.0543679 0.0562485 0.0571702 0.0570943 0.0560212 0.0539896 0.051075 0.0473856 0.043056 0.0382402 0.033102 0.0278055 0.0225039 0.0173282 0.0123763 0.0077024 0.00330845 0.000859827 
0.00455277 0.00930708 0.0143763 0.0197939 0.0255161 0.0314355 0.0373974 0.0432161 0.0486903 0.0536179 0.0578087 0.0610958 0.0633455 0.0644642 0.064404 0.0631653 0.0607966 0.0573922 0.0530872 0.0480507 0.0424761 0.0365703 0.0305419 0.0245872 0.0188765 0.0135391 0.00864803 0.00420584 0.000133093 
0.00452074 0.00936829 0.0147278 0.0206487 0.0270679 0.0338384 0.0407543 0.0475739 0.054039 0.0598924 0.0648936 0.0688328 0.071542 0.0729042 0.0728595 0.0714082 0.0686108 0.0645854 0.0595012 0.0535703 0.0470362 0.0401612 0.033211 0.0264394 0.02007 0.0142784 0.00917118 0.00476235 0.000948171 
0.00418113 0.00893531 0.0145332 0.0210175 0.0282772 0.0361 0.0442073 0.0522817 0.0599905 0.067006 0.0730241 0.0777806 0.0810645 0.0827292 0.0826996 0.080976 0.0776339 0.0728209 0.0667489 0.0596839 0.0519327 0.043827 0.0357061 0.0278977 0.0206979 0.0143489 0.00901369 0.0047434 0.0014299 
0.00327813 0.00766752 0.0134602 0.0206169 0.0289278 0.0380795 0.0476931 0.0573527 0.0666306 0.0751104 0.0824081 0.0881913 0.0921956 0.0942374 0.0942227 0.0921515 0.0881184 0.0823072 0.0749831 0.0664794 0.0571813 0.047508 0.0378907 0.0287518 0.0204813 0.0134134 0.00780021 0.00377732 0.0013018 
