0.00014258 0.000803552 0.00195824 0.00357144 0.00559956 0.00799226 0.010694 0.0136452 0.016784 0.0200471 0.0233708 0.0266929 0.0299528 0.0330933 0.0360608 0.0388065 0.041287 0.0434645 0.0453078 0.046792 0.0478992 0.0486182 0.0489445 0.0488803 0.048434 0.0476201 0.0464583 0.0449734 0.0431947 0.0411548 0.0388896 0.0364372 0.0338373 0.0311302 0.0283568 0.0255568 0.0227692 0.0200308 0.0173761 0.0148369 0.0124413 0.0102138 0.00817501 0.00634121 0.00472431 0.00333178 0.00216663 0.00122746 0.000508562 
0.000266588 0.00156302 0.00383842 0.00702224 0.0110277 0.0157551 0.0210943 0.0269275 0.0331321 0.0395828 0.046154 0.0527222 0.0591679 0.0653776 0.0712456 0.0766752 0.0815805 0.085887 0.0895326 0.0924684 0.0946586 0.0960813 0.0967275 0.0966014 0.0957198 0.0941111 0.0918145 0.0888791 0.0853623 0.0813292 0.0768505 0.0720016 0.0668608 0.0615084 0.0560245 0.0504883 0.0449766 0.0395624 0.0343141 0.0292942 0.0245585 0.0201558 0.0161266 0.0125033 0.00930942 0.00655996 0.004261 0.00240999 0.000995991 
0.000362484 0.00225959 0.00561285 0.010316 0.0162395 0.0232348 0.0311384 0.0397755 0.0489641 0.0585184 0.0682523 0.0779825 0.087532 0.0967325 0.105427 0.113473 0.120742 0.127125 0.132528 0.13688 0.140127 0.142237 0.143197 0.143012 0.141708 0.139326 0.135925 0.131577 0.126367 0.120392 0.113757 0.106574 0.0989575 0.0910276 0.0829031 0.0747014 0.0665361 0.0585157 0.0507415 0.0433064 0.0362931 0.029774 0.0238094 0.0184473 0.013723 0.0096587 0.00626374 0.00353474 0.00145597 
0.000424307 0.00288041 0.00726125 0.0134246 0.0211986 0.0303867 0.0407729 0.0521269 0.0642088 0.0767737 0.0895765 0.102376 0.114939 0.127044 0.138485 0.149072 0.158638 0.167039 0.174151 0.17988 0.184156 0.186936 0.188202 0.187962 0.18625 0.183119 0.178646 0.172928 0.166076 0.158216 0.149488 0.140037 0.130018 0.119586 0.108898 0.0981082 0.0873673 0.0768176 0.0665927 0.0568149 0.0475936 0.0390239 0.0311855 0.0241419 0.0179396 0.0126084 0.00816079 0.00459282 0.00188435 
0.00044848 0.00341688 0.00876901 0.0163267 0.0258762 0.0371737 0.0499524 0.0639275 0.0788028 0.0942762 0.110045 0.125813 0.14129 0.156205 0.170303 0.183351 0.195142 0.205496 0.214264 0.221329 0.226603 0.230033 0.231598 0.231308 0.229202 0.225348 0.219841 0.212799 0.204358 0.194677 0.183924 0.172282 0.159938 0.147085 0.133918 0.120626 0.107395 0.094401 0.0818081 0.0697676 0.0584148 0.047867 0.0382229 0.0295609 0.021939 0.0153939 0.0099417 0.00557793 0.00227835 
0.000433142 0.00386366 0.010126 0.0190062 0.0302493 0.0435657 0.0586384 0.0751303 0.0926903 0.110961 0.129585 0.148209 0.166494 0.184116 0.200775 0.216195 0.23013 0.24237 0.252736 0.26109 0.267328 0.271389 0.273245 0.272908 0.270426 0.265879 0.259377 0.25106 0.241091 0.229655 0.216953 0.2032 0.188618 0.173435 0.15788 0.14218 0.126552 0.111205 0.0963337 0.0821178 0.0687168 0.0562701 0.0448945 0.0346831 0.0257047 0.0180035 0.0115987 0.0064856 0.00263608 
0.000377741 0.0042179 0.0113255 0.0214516 0.0343005 0.049538 0.0667989 0.0856949 0.105822 0.126771 0.148128 0.16949 0.190466 0.210685 0.2298 0.247496 0.263491 0.277541 0.289443 0.299036 0.306203 0.31087 0.313008 0.312631 0.30979 0.30458 0.297126 0.287589 0.276156 0.263039 0.248469 0.232692 0.215965 0.198548 0.180706 0.162697 0.144772 0.127172 0.110121 0.0938238 0.0784648 0.0642045 0.0511773 0.0394906 0.0292239 0.0204281 0.0131261 0.00731272 0.00295638 
0.000282752 0.00447878 0.012364 0.0236548 0.0380164 0.0550712 0.0744072 0.0955871 0.118157 0.141654 0.165616 0.189588 0.21313 0.235827 0.257287 0.277156 0.295118 0.310899 0.324269 0.335048 0.343103 0.348353 0.350764 0.35035 0.34717 0.341329 0.33297 0.322271 0.309443 0.294723 0.278372 0.260666 0.241892 0.222346 0.202323 0.182113 0.162001 0.142254 0.123127 0.104849 0.0876284 0.0716456 0.0570521 0.043969 0.032486 0.0226609 0.0145197 0.00805729 0.00323859 
0.000149483 0.00464712 0.0132402 0.0256114 0.0413879 0.0601503 0.0814418 0.104778 0.129657 0.155567 0.181996 0.208441 0.234418 0.259465 0.283151 0.305084 0.324915 0.34234 0.357106 0.369013 0.377916 0.383722 0.386395 0.385949 0.382451 0.376015 0.366798 0.354998 0.340848 0.324609 0.30657 0.287034 0.266321 0.244756 0.222665 0.20037 0.178184 0.156405 0.135312 0.115161 0.0961812 0.0785725 0.0625029 0.0481065 0.0354831 0.0246967 0.0157769 0.00871825 0.00348255 
-2.00734e-05 0.00472518 0.013955 0.0273195 0.0444091 0.0647645 0.0878862 0.113245 0.140293 0.168471 0.197222 0.225997 0.254268 0.281531 0.307317 0.331198 0.352793 0.371772 0.387857 0.400832 0.410537 0.416871 0.419794 0.419321 0.415526 0.408531 0.398508 0.385673 0.370277 0.352609 0.332978 0.31172 0.289179 0.265712 0.241673 0.217414 0.193277 0.169585 0.146644 0.124732 0.104101 0.084968 0.0675168 0.0518942 0.0382093 0.0265325 0.0168962 0.00929529 0.00368842 
-0.00022336 0.00471636 0.0145111 0.0287796 0.0470774 0.0689069 0.0937282 0.12097 0.15004 0.180335 0.211256 0.24221 0.272627 0.301965 0.329718 0.355425 0.378674 0.39911 0.416435 0.430413 0.440872 0.447704 0.450864 0.45037 0.446299 0.438784 0.428009 0.414206 0.397647 0.378641 0.357523 0.334652 0.310402 0.285156 0.259295 0.2332 0.207238 0.18176 0.157093 0.133539 0.111369 0.090818 0.0720838 0.0553254 0.0406607 0.0281662 0.0178773 0.00978883 0.00385676 
-0.000457343 0.00462509 0.0149129 0.0299948 0.0493931 0.072574 0.0989596 0.127939 0.158878 0.191134 0.224066 0.257041 0.28945 0.320715 0.350296 0.3777 0.402489 0.424282 0.442761 0.457674 0.468837 0.476135 0.47952 0.47901 0.474686 0.46669 0.455219 0.440519 0.422881 0.402634 0.380136 0.355769 0.329933 0.303036 0.275486 0.247688 0.220035 0.1929 0.166636 0.141563 0.117971 0.0961118 0.0761966 0.0583956 0.0428351 0.0295974 0.0187207 0.0101999 0.00398836 
-0.000718597 0.00445665 0.015166 0.0309698 0.0513588 0.0757656 0.103576 0.134143 0.166794 0.200848 0.235626 0.270458 0.3047 0.337738 0.369003 0.397971 0.42418 0.447224 0.466768 0.482546 0.494361 0.502092 0.505687 0.505164 0.500611 0.492176 0.480066 0.464543 0.445914 0.424527 0.40076 0.375018 0.347724 0.319309 0.290206 0.260843 0.231637 0.202983 0.175253 0.148789 0.123896 0.100842 0.0798504 0.0611025 0.0447322 0.0308271 0.019428 0.0105301 0.00408432 
-0.00100337 0.00421706 0.0152775 0.0317112 0.0529797 0.0784843 0.107578 0.139578 0.173779 0.209464 0.245918 0.282438 0.318347 0.353 0.385798 0.416193 0.443696 0.467884 0.488402 0.50497 0.517383 0.525511 0.529301 0.528771 0.524011 0.515179 0.502491 0.486221 0.466691 0.444267 0.419347 0.392355 0.363734 0.333939 0.303424 0.27264 0.242023 0.211989 0.182931 0.155206 0.129136 0.105003 0.0830431 0.0634459 0.0463532 0.0318573 0.0200016 0.0107815 0.00414596 
-0.00130764 0.00391295 0.0152551 0.0322271 0.0542632 0.0807357 0.110967 0.144244 0.179829 0.216973 0.254928 0.292963 0.330369 0.366474 0.400652 0.432331 0.461 0.486218 0.507615 0.524898 0.537852 0.546342 0.55031 0.549777 0.544835 0.535649 0.522443 0.505504 0.485167 0.461813 0.435857 0.407743 0.377932 0.346898 0.315117 0.283057 0.251175 0.219906 0.189658 0.160807 0.133688 0.108594 0.0857749 0.0654276 0.0477006 0.032691 0.0204445 0.0109567 0.00417483 
-0.0016272 0.00355147 0.015108 0.0325272 0.0552185 0.0825279 0.113751 0.148145 0.184945 0.223372 0.262652 0.302024 0.340753 0.378143 0.413543 0.44636 0.476064 0.502197 0.524375 0.542294 0.555731 0.564544 0.568675 0.568142 0.563043 0.553546 0.539886 0.522357 0.501308 0.477133 0.450262 0.421156 0.390294 0.358166 0.325266 0.29208 0.259083 0.226725 0.195431 0.165589 0.137549 0.111617 0.0880483 0.067051 0.0487787 0.0333326 0.0207607 0.0110589 0.00417266 
-0.00195765 0.0031402 0.0148456 0.0326221 0.0558567 0.0838716 0.115938 0.151288 0.189132 0.228665 0.269089 0.309617 0.349493 0.387996 0.424457 0.458263 0.488869 0.515799 0.538659 0.557134 0.570993 0.580092 0.584367 0.583839 0.578607 0.568844 0.554791 0.536753 0.515088 0.490203 0.462541 0.432577 0.400804 0.36773 0.333861 0.299702 0.265741 0.232443 0.200247 0.169553 0.140724 0.114074 0.0898683 0.0683215 0.0495929 0.0337874 0.0209547 0.0110913 0.00414137 
-0.00229452 0.00268704 0.0144784 0.0325239 0.0561903 0.0847793 0.11754 0.153685 0.192399 0.23286 0.274244 0.315746 0.356589 0.396034 0.433392 0.468037 0.499406 0.527014 0.550454 0.569403 0.583625 0.592968 0.59737 0.59685 0.59151 0.581525 0.567144 0.548679 0.526496 0.501013 0.472685 0.441997 0.409457 0.375584 0.3409 0.305922 0.27115 0.237063 0.20411 0.172705 0.143217 0.115972 0.0912416 0.0692462 0.05015 0.0340613 0.0210317 0.0110578 0.00408303 
-0.00263327 0.00220011 0.0140172 0.0322453 0.0562336 0.0852659 0.118574 0.155349 0.194762 0.235968 0.278129 0.320421 0.36205 0.402262 0.440353 0.475683 0.507678 0.535842 0.559759 0.5791 0.593621 0.60317 0.60768 0.607171 0.601746 0.591585 0.576941 0.55813 0.535528 0.50956 0.48069 0.449415 0.416252 0.381731 0.346386 0.310743 0.275315 0.240591 0.207029 0.175052 0.145039 0.117321 0.0921772 0.0698336 0.050458 0.0341614 0.0209972 0.0109625 0.00399984 
-0.00296933 0.00168769 0.0134733 0.0317999 0.0560018 0.0853478 0.119054 0.1563 0.196237 0.238009 0.280762 0.323659 0.365892 0.406695 0.445353 0.481215 0.513697 0.542295 0.566585 0.586234 0.600992 0.610705 0.615304 0.614809 0.609324 0.599032 0.584187 0.565114 0.542192 0.515852 0.486567 0.454841 0.4212 0.386182 0.350329 0.314178 0.278248 0.243038 0.209015 0.176606 0.146199 0.118131 0.0926861 0.0700937 0.0505258 0.0340954 0.0208576 0.0108098 0.00389412 
-0.0032982 0.00115814 0.0128582 0.0312019 0.0555113 0.0850433 0.119003 0.156556 0.196845 0.239003 0.282163 0.325481 0.368136 0.409355 0.448415 0.484654 0.517483 0.546392 0.570952 0.590824 0.605757 0.615592 0.620261 0.619782 0.614261 0.603881 0.588902 0.569647 0.546504 0.519906 0.490332 0.458292 0.424317 0.388952 0.352747 0.316242 0.279966 0.244422 0.210083 0.177383 0.146714 0.118417 0.0927808 0.0700382 0.0503635 0.0338719 0.0206195 0.0106043 0.00376828 
-0.00361543 0.00061977 0.0121837 0.030466 0.0547794 0.0843719 0.11844 0.156142 0.196612 0.238976 0.282362 0.325915 0.368813 0.410273 0.449567 0.48603 0.519068 0.548165 0.572891 0.592902 0.607945 0.617862 0.62258 0.62212 0.616586 0.606164 0.591112 0.571759 0.548492 0.521749 0.492012 0.459792 0.425628 0.390067 0.353662 0.316959 0.280491 0.244763 0.210254 0.177401 0.1466 0.118194 0.0924757 0.0696796 0.0499821 0.0334998 0.0202898 0.0103508 0.00362483 
-0.00391668 8.08257e-05 0.0114615 0.0296072 0.0538241 0.0833543 0.117389 0.155083 0.195566 0.237959 0.281388 0.324996 0.367956 0.409484 0.448848 0.485382 0.51849 0.547654 0.572441 0.592508 0.607599 0.617555 0.622303 0.621864 0.61634 0.605918 0.590857 0.571486 0.548193 0.521417 0.49164 0.459377 0.425166 0.389557 0.353104 0.316357 0.279847 0.244086 0.20955 0.176682 0.145876 0.11748 0.0917868 0.0690319 0.0493933 0.0329887 0.019876 0.0100544 0.00346628 
-0.00419779 -0.000450643 0.0107033 0.0286408 0.052664 0.0820124 0.115876 0.153407 0.193737 0.235986 0.27928 0.322762 0.365607 0.407031 0.446304 0.482758 0.515799 0.544908 0.569655 0.589693 0.60477 0.614723 0.619481 0.619064 0.613573 0.603194 0.588186 0.568877 0.545653 0.518954 0.48926 0.457087 0.422969 0.387459 0.351109 0.314468 0.278068 0.242419 0.207999 0.175249 0.144566 0.116295 0.0907311 0.0681099 0.0486097 0.0323488 0.0193857 0.00972013 0.00329523 
-0.00445478 -0.000966834 0.0099208 0.027582 0.051318 0.0803688 0.113926 0.151145 0.191159 0.233093 0.276076 0.319257 0.361813 0.402965 0.441985 0.478211 0.511049 0.539986 0.56459 0.584518 0.599518 0.609428 0.614177 0.613782 0.608346 0.598052 0.583157 0.563988 0.540928 0.514414 0.484924 0.45297 0.419085 0.383817 0.347717 0.31133 0.275187 0.239795 0.205629 0.17313 0.142692 0.11466 0.0893273 0.0669294 0.0476443 0.0315904 0.0188265 0.00935314 0.00311424 
-0.00468392 -0.00146028 0.00912513 0.0264459 0.0498052 0.0784466 0.111566 0.148326 0.187867 0.229319 0.271822 0.314528 0.356625 0.39734 0.435951 0.471803 0.504307 0.532954 0.557316 0.577053 0.591915 0.601741 0.60646 0.606089 0.600728 0.59056 0.575838 0.556885 0.534081 0.507858 0.478689 0.447082 0.413565 0.378681 0.342975 0.306987 0.271245 0.236249 0.202474 0.170354 0.140281 0.112598 0.087595 0.065507 0.0465107 0.0307242 0.0182065 0.00895866 0.0029259 
-0.00488175 -0.0019239 0.00832718 0.0252475 0.0481448 0.0762695 0.108826 0.144986 0.183899 0.224709 0.266564 0.308629 0.350101 0.390217 0.428268 0.463603 0.495644 0.523886 0.54791 0.567377 0.582041 0.591743 0.596412 0.596065 0.590801 0.580798 0.566306 0.547643 0.525184 0.499355 0.470622 0.439487 0.406469 0.372105 0.336933 0.301486 0.266284 0.231823 0.198569 0.166953 0.137361 0.110132 0.0855546 0.0638597 0.0452228 0.0297611 0.0175335 0.00854188 0.00273272 
-0.00504511 -0.00235112 0.00753733 0.0240011 0.0463556 0.0738611 0.105734 0.141157 0.179296 0.219307 0.260353 0.301614 0.3423 0.381663 0.419004 0.453685 0.485137 0.512865 0.536455 0.555576 0.569984 0.579523 0.584124 0.583801 0.578652 0.568851 0.554645 0.536344 0.514316 0.488981 0.460796 0.430252 0.397861 0.36415 0.329648 0.294878 0.260351 0.226556 0.193951 0.162959 0.13396 0.107289 0.0832275 0.0620053 0.0437949 0.0287121 0.0168156 0.00810791 0.0025372 
-0.0051712 -0.00273587 0.00676534 0.0227208 0.0444565 0.0712452 0.102318 0.136875 0.174097 0.213159 0.253242 0.293543 0.333289 0.371748 0.408237 0.442131 0.472874 0.49998 0.523045 0.541744 0.55584 0.565179 0.569691 0.569393 0.564377 0.554816 0.540948 0.523077 0.501565 0.476819 0.449288 0.419451 0.387811 0.354881 0.321178 0.287217 0.253497 0.220495 0.18866 0.158407 0.130109 0.104093 0.0806355 0.0599617 0.0422413 0.0275882 0.0160606 0.00766176 0.00234172 
-0.00525759 -0.00307272 0.00602027 0.0214199 0.0424654 0.0684454 0.0986088 0.132175 0.168345 0.206315 0.245287 0.284478 0.323137 0.360548 0.396047 0.429027 0.458943 0.485325 0.507777 0.525984 0.539713 0.548814 0.553221 0.552946 0.548082 0.538794 0.525315 0.507941 0.487023 0.462959 0.436184 0.407166 0.376393 0.344366 0.311589 0.278563 0.245773 0.213685 0.182738 0.153335 0.12584 0.100572 0.077801 0.0577472 0.0405763 0.0264002 0.0152762 0.0072083 0.00214858 
-0.00530224 -0.00335692 0.00531038 0.0201109 0.0403998 0.0654848 0.0946352 0.127093 0.162083 0.198826 0.236545 0.274485 0.311914 0.348141 0.38252 0.414463 0.443443 0.469002 0.490758 0.508404 0.521714 0.530543 0.534825 0.534573 0.529876 0.520894 0.507853 0.491039 0.470791 0.447495 0.421574 0.39348 0.363687 0.33268 0.300948 0.268975 0.237235 0.206178 0.176229 0.14778 0.121185 0.0967526 0.0747465 0.0553799 0.0388143 0.0251589 0.01447 0.00675217 0.00195995 
-0.0053036 -0.00358445 0.004643 0.0188053 0.0382765 0.0623857 0.0904263 0.121666 0.155355 0.190741 0.227076 0.263629 0.299696 0.334608 0.367745 0.398536 0.426474 0.451118 0.472097 0.489117 0.501959 0.510481 0.514622 0.514393 0.509879 0.501234 0.488675 0.47248 0.452974 0.430529 0.405554 0.378484 0.349776 0.319898 0.289324 0.258519 0.227939 0.198022 0.169176 0.14178 0.116176 0.0926629 0.0714946 0.0528779 0.0369692 0.0238745 0.013649 0.00629779 0.00177785 
-0.00526056 -0.0037521 0.0040245 0.0175137 0.0361109 0.0591699 0.0860104 0.115928 0.148204 0.182113 0.21694 0.25198 0.28656 0.320036 0.351813 0.381344 0.408142 0.431783 0.451911 0.468243 0.48057 0.488755 0.492738 0.49253 0.488213 0.479933 0.4679 0.452378 0.433681 0.412165 0.388221 0.362269 0.334746 0.306102 0.27679 0.247259 0.217946 0.18927 0.161625 0.135375 0.110848 0.0883303 0.0680679 0.0502591 0.0350547 0.0225572 0.0128201 0.00584926 0.00160412 
-0.00517252 -0.00385753 0.0034601 0.0162453 0.0339177 0.0558579 0.0814152 0.109916 0.140673 0.172995 0.206197 0.239609 0.272584 0.304512 0.334821 0.362991 0.388556 0.411112 0.43032 0.445907 0.457675 0.465493 0.469303 0.469115 0.465007 0.45712 0.445651 0.430854 0.413028 0.392512 0.369681 0.344933 0.318688 0.291373 0.263422 0.235264 0.207315 0.179976 0.153623 0.128604 0.105232 0.0837823 0.0644884 0.0475408 0.033084 0.0212163 0.0119896 0.00541032 0.00144042 
-0.00503942 -0.00389936 0.00295387 0.0150082 0.0317099 0.0524692 0.0766673 0.103664 0.132807 0.163439 0.194911 0.226585 0.257849 0.288123 0.316866 0.343582 0.36783 0.389226 0.407448 0.422238 0.433406 0.440829 0.444451 0.444282 0.440395 0.432924 0.422056 0.408031 0.391133 0.371684 0.350039 0.326576 0.301693 0.275797 0.249297 0.222602 0.196107 0.170193 0.145216 0.121507 0.0993632 0.079046 0.060778 0.0447399 0.0310695 0.0198608 0.0111635 0.00498434 0.00128816 
-0.00486178 -0.00387717 0.00250856 0.0138089 0.0294992 0.0490218 0.0717921 0.0972059 0.124647 0.153497 0.183141 0.21298 0.242437 0.270962 0.298047 0.323224 0.346078 0.366245 0.383422 0.397366 0.407897 0.4149 0.418321 0.41817 0.414515 0.407481 0.397247 0.384037 0.368119 0.349797 0.329405 0.3073 0.283857 0.259459 0.234494 0.209345 0.184386 0.159976 0.136451 0.114123 0.0932733 0.074148 0.0569574 0.0418723 0.0290231 0.0184987 0.0103468 0.00457418 0.00114852 
-0.0046407 -0.00379165 0.00212554 0.0126523 0.0272957 0.0455323 0.0668138 0.0905742 0.116236 0.14322 0.170951 0.198867 0.226428 0.25312 0.278465 0.302028 0.323417 0.342293 0.358373 0.371427 0.381288 0.387848 0.391056 0.39092 0.387506 0.38093 0.371358 0.359001 0.34411 0.326968 0.30789 0.287208 0.265275 0.242448 0.219091 0.195562 0.172213 0.149378 0.127374 0.106492 0.0869946 0.069114 0.0530468 0.0389532 0.0269555 0.0171375 0.00954401 0.0041822 0.00102238 
-0.00437794 -0.00364463 0.00180466 0.0115418 0.0251077 0.0420152 0.0617547 0.0837999 0.107615 0.13266 0.158401 0.184317 0.209905 0.234689 0.258223 0.280103 0.299967 0.317498 0.332432 0.344558 0.35372 0.359815 0.362799 0.362678 0.359512 0.35341 0.344526 0.333056 0.319233 0.30332 0.285608 0.266407 0.246044 0.224852 0.203168 0.181326 0.159651 0.138455 0.118031 0.0986507 0.0805583 0.0639687 0.0490651 0.0359964 0.0248765 0.0157832 0.00875881 0.00381018 0.000910306 
-0.00407597 -0.00343915 0.00154417 0.0104788 0.0229414 0.0384835 0.0566355 0.0769127 0.0988214 0.121865 0.145552 0.169401 0.19295 0.21576 0.237422 0.257562 0.275847 0.291985 0.305734 0.316898 0.325334 0.330948 0.333698 0.33359 0.33068 0.325066 0.316892 0.306338 0.293617 0.278973 0.262673 0.245004 0.226264 0.206762 0.186807 0.166707 0.146762 0.127259 0.108468 0.0906375 0.0739942 0.0587354 0.0450298 0.0330145 0.0227943 0.0144412 0.0079939 0.00345918 0.000812513 
-0.00373799 -0.00317963 0.00134058 0.00946267 0.0208012 0.0349478 0.0514747 0.0699402 0.0898942 0.110884 0.132462 0.15419 0.175645 0.196427 0.216164 0.234516 0.251177 0.265883 0.278412 0.288587 0.296276 0.301393 0.303901 0.303805 0.301155 0.296042 0.288596 0.278981 0.267392 0.254051 0.239202 0.223104 0.206032 0.188265 0.170087 0.151777 0.133608 0.115843 0.0987272 0.0824881 0.0673309 0.053436 0.0409568 0.0300184 0.020716 0.0131151 0.00725087 0.0031295 0.000728794 
-0.00336802 -0.00287193 0.00118847 0.00849072 0.0186891 0.0314167 0.0462889 0.062908 0.080869 0.0997642 0.11919 0.138751 0.158068 0.17678 0.194551 0.211076 0.226078 0.23932 0.250603 0.259765 0.266689 0.271297 0.273556 0.27347 0.271085 0.266482 0.259779 0.251123 0.240689 0.228678 0.215309 0.200816 0.185447 0.169452 0.153087 0.136605 0.12025 0.104259 0.0888528 0.0742367 0.0605952 0.0480904 0.0368604 0.0270173 0.0186467 0.0118072 0.00653007 0.00282055 0.000658472 
-0.00297103 -0.00252357 0.00108036 0.00755796 0.0166047 0.0278964 0.0410922 0.0558397 0.0717792 0.088549 0.10579 0.123153 0.140299 0.156909 0.172684 0.187352 0.200669 0.212424 0.222439 0.230572 0.236717 0.240808 0.242813 0.242736 0.240619 0.236533 0.230583 0.222899 0.213638 0.202976 0.19111 0.178247 0.164606 0.150411 0.135887 0.12126 0.106746 0.0925557 0.0788852 0.0659161 0.0538119 0.0427167 0.0327524 0.0240183 0.0165897 0.010518 0.00583038 0.00253066 0.000600306 
-0.00255309 -0.00214392 0.00100647 0.00665688 0.0145452 0.0243904 0.0358965 0.0487564 0.0626566 0.0772815 0.0923184 0.107461 0.122416 0.136902 0.150661 0.163454 0.175068 0.18532 0.194054 0.201147 0.206506 0.210073 0.21182 0.211752 0.209904 0.206339 0.201148 0.194446 0.186368 0.17707 0.166721 0.155503 0.143607 0.131228 0.118564 0.10581 0.0931549 0.0807824 0.0688636 0.0575566 0.0470039 0.0373305 0.0286425 0.0210259 0.0145458 0.00924589 0.00514889 0.00225687 0.000552379 
-0.00212153 -0.00174448 0.000954474 0.0057773 0.0125048 0.0208998 0.0307109 0.0416767 0.0535301 0.0660019 0.0788252 0.0917391 0.104492 0.116846 0.128579 0.139489 0.149393 0.158135 0.165582 0.171628 0.176197 0.179237 0.180724 0.180664 0.179086 0.176044 0.171616 0.165899 0.15901 0.15108 0.142254 0.132689 0.122546 0.111991 0.101194 0.0903202 0.0795321 0.068985 0.058825 0.0491866 0.0401911 0.0319448 0.0245376 0.0180423 0.0125132 0.00798673 0.00448057 0.00199464 0.000511913 
-0.00168541 -0.00133938 0.000909156 0.00490618 0.0104754 0.017423 0.0255421 0.0346169 0.0444264 0.0547479 0.0653603 0.0760477 0.0866018 0.0968255 0.106535 0.115562 0.123757 0.13099 0.137151 0.142153 0.145931 0.148444 0.149673 0.14962 0.148311 0.145792 0.142125 0.137392 0.13169 0.125127 0.117824 0.109909 0.101516 0.0927838 0.0838513 0.0748559 0.0659319 0.0572077 0.048804 0.0408318 0.0333913 0.02657 0.0204418 0.0150661 0.0104871 0.00673338 0.00381767 0.00173734 0.00047499 
-0.00125602 -0.000945889 0.000852044 0.00402738 0.00844568 0.0139556 0.0203942 0.0275906 0.0353696 0.0435548 0.0519706 0.0604456 0.0688147 0.0769215 0.0846201 0.0917773 0.0982743 0.104008 0.108891 0.112854 0.115847 0.117837 0.118808 0.118763 0.117723 0.115722 0.112813 0.109058 0.104535 0.0993306 0.0935396 0.087264 0.0806105 0.0736885 0.0666082 0.0594786 0.0524061 0.0454923 0.0388327 0.0325153 0.0266191 0.0212132 0.0163557 0.0120929 0.00845897 0.00547502 0.00314904 0.00147557 0.000436075 
-0.000847939 -0.000585313 0.00076098 0.00312154 0.00640152 0.0104906 0.0152684 0.0206086 0.0263812 0.0324551 0.0387 0.0449886 0.0511984 0.0572131 0.0629245 0.0682338 0.0730528 0.0773048 0.0809255 0.0838638 0.0860817 0.0875549 0.0882723 0.0882363 0.0874615 0.0859747 0.0838136 0.0810262 0.0776692 0.073807 0.0695103 0.0648548 0.0599195 0.0547857 0.0495349 0.0442481 0.0390041 0.0338782 0.028941 0.0242576 0.0198865 0.0158786 0.0122765 0.0091142 0.00641604 0.0041964 0.00245894 0.00119589 0.000387121 
-0.000480911 -0.000284118 0.000609709 0.00216604 0.00432599 0.00701811 0.0101636 0.0136794 0.0174799 0.0214786 0.0255897 0.0297295 0.033817 0.0377758 0.0415346 0.0450284 0.048199 0.050996 0.0533773 0.0553091 0.0567665 0.0577337 0.0582034 0.0581771 0.0576648 0.056684 0.0552598 0.0534236 0.051213 0.0486703 0.0458422 0.0427784 0.039531 0.0361534 0.0326993 0.029222 0.0257731 0.0224023 0.0191558 0.0160764 0.0132023 0.0105669 0.00819801 0.00611755 0.00434098 0.00287679 0.0017256 0.000878752 0.0003157 
-0.000183435 -7.53652e-05 0.000367631 0.00113506 0.00219947 0.00352609 0.00507619 0.00680879 0.00868167 0.0106522 0.012678 0.0147178 0.0167317 0.0186819 0.0205334 0.022254 0.0238153 0.0251922 0.0263641 0.0273145 0.028031 0.0285059 0.0287357 0.0287213 0.0284674 0.0279829 0.0272801 0.0263746 0.0252849 0.0240319 0.0226386 0.0211295 0.0195303 0.0178672 0.0161668 0.0144551 0.0127577 0.0110989 0.0095015 0.0079864 0.00657241 0.00527583 0.00411026 0.00308633 0.00221139 0.0014892 0.000919181 0.00049496 0.000200605 
