6.6108e-05 0.000431275 0.00108531 0.00201344 0.00319715 0.00461484 0.00624233 0.00805334 0.01002 0.0121131 0.0143029 0.0165591 0.0188515 0.0211501 0.0234259 0.0256508 0.027798 0.0298426 0.0317614 0.0335331 0.0351391 0.0365629 0.0377907 0.0388113 0.0396161 0.0401994 0.0405579 0.0406911 0.0406012 0.0402926 0.0397723 0.0390491 0.0381342 0.0370405 0.0357824 0.0343758 0.0328378 0.0311863 0.02944 0.027618 0.0257397 0.0238244 0.0218912 0.0199588 0.0180449 0.0161669 0.0143407 0.0125812 0.010902 0.00931513 0.00783114 0.00645893 0.00520569 0.00407686 0.00307614 0.00220543 0.0014649 0.000852966 0.000366326 
0.000123067 0.000841058 0.00213278 0.00396851 0.00631131 0.00911822 0.0123412 0.0159282 0.0198239 0.0239704 0.0283087 0.0327787 0.0373205 0.0418749 0.0463842 0.0507927 0.0550476 0.0590991 0.0629013 0.0664124 0.069595 0.0724167 0.07485 0.0768727 0.078468 0.0796241 0.080335 0.0805995 0.0804218 0.0798108 0.07878 0.0773474 0.0755349 0.0733679 0.0708752 0.0680883 0.0650408 0.0617685 0.0583083 0.0546981 0.0509764 0.0471813 0.0433508 0.0395218 0.0357298 0.0320087 0.0283904 0.0249045 0.0215777 0.0184341 0.0154945 0.0127765 0.0102946 0.00805941 0.00607837 0.00435532 0.00289064 0.00168129 0.000720932 
0.000165741 0.00121936 0.0031279 0.00584636 0.00931942 0.0134829 0.0182653 0.0235891 0.0293719 0.035528 0.0419693 0.0486066 0.055351 0.0621145 0.0688113 0.0753588 0.0816782 0.0876959 0.0933435 0.0985588 0.103286 0.107478 0.111093 0.114098 0.116469 0.118187 0.119244 0.119638 0.119375 0.118468 0.116938 0.114811 0.11212 0.108902 0.105201 0.101062 0.0965361 0.0916763 0.0865374 0.0811759 0.0756485 0.0700124 0.0643236 0.0586371 0.0530057 0.0474799 0.042107 0.0369308 0.0319914 0.0273243 0.0229606 0.0189266 0.0152436 0.0119277 0.00898998 0.00643617 0.00426699 0.00247813 0.00106042 
0.000190713 0.00155906 0.00405974 0.00763223 0.0122028 0.0176862 0.0239878 0.031005 0.038629 0.0467464 0.055241 0.0639951 0.0728911 0.0818128 0.0906472 0.099285 0.107623 0.115562 0.123014 0.129896 0.136134 0.141666 0.146437 0.150404 0.153533 0.155802 0.157198 0.157719 0.157374 0.15618 0.154163 0.151358 0.147809 0.143564 0.138682 0.133222 0.127252 0.120841 0.114062 0.106988 0.0996967 0.0922615 0.0847569 0.0772555 0.069827 0.0625382 0.0554514 0.0486247 0.0421108 0.0359568 0.0302039 0.0248867 0.0200334 0.0156655 0.0117976 0.00843753 0.00558633 0.00323857 0.00138243 
0.000195724 0.00185513 0.00492014 0.00931456 0.0149462 0.0217092 0.0294859 0.0381491 0.047564 0.0575904 0.0680843 0.0789001 0.0898923 0.100917 0.111835 0.122511 0.132816 0.14263 0.151842 0.160349 0.168062 0.174902 0.180801 0.185707 0.189577 0.192384 0.194112 0.194759 0.194335 0.192861 0.190371 0.186906 0.182521 0.177277 0.171243 0.164496 0.157118 0.149195 0.140817 0.132075 0.123064 0.113875 0.1046 0.0953303 0.0861507 0.0771441 0.0683879 0.0599537 0.051907 0.0443061 0.0372019 0.0306374 0.0246477 0.0192593 0.0144905 0.0103512 0.00684282 0.00395896 0.00168528 
0.000179358 0.0021041 0.00570313 0.0108845 0.0175377 0.0255363 0.0347402 0.044998 0.0561495 0.0680282 0.080463 0.0932812 0.10631 0.119379 0.132322 0.14498 0.157198 0.168835 0.179759 0.189848 0.198996 0.207108 0.214107 0.219926 0.224519 0.227851 0.229904 0.230675 0.230175 0.228431 0.225481 0.221376 0.216179 0.209963 0.202811 0.194813 0.186067 0.176674 0.166741 0.156378 0.145695 0.134801 0.123807 0.112818 0.101936 0.091261 0.0808832 0.0708883 0.0613538 0.0523492 0.0439348 0.0361621 0.0290724 0.0226978 0.0170598 0.0121705 0.00803191 0.00463656 0.00196775 
0.000140853 0.00230377 0.00640449 0.0123353 0.0199676 0.0291546 0.0397343 0.0515315 0.0643615 0.0780317 0.0923449 0.107102 0.122103 0.137153 0.152059 0.166637 0.180711 0.194117 0.206701 0.218325 0.228865 0.238213 0.246278 0.252986 0.258281 0.262123 0.264493 0.265386 0.264815 0.26281 0.259415 0.25469 0.248707 0.24155 0.233315 0.224105 0.214032 0.203215 0.191776 0.179841 0.167538 0.154992 0.142331 0.129676 0.117147 0.104855 0.092907 0.0814014 0.0704275 0.0600655 0.0503853 0.041446 0.0332957 0.0259714 0.0194983 0.0138903 0.00915008 0.00526929 0.00222895 
7.99629e-05 0.00245294 0.00702147 0.0136621 0.0222285 0.0325539 0.0444546 0.0577326 0.0721788 0.0875757 0.103701 0.120329 0.137235 0.154197 0.170999 0.187434 0.203301 0.218416 0.232606 0.245715 0.257602 0.268147 0.277245 0.284813 0.290788 0.295126 0.297803 0.298815 0.298177 0.295921 0.292099 0.286776 0.280034 0.271969 0.262687 0.252306 0.240953 0.22876 0.215865 0.202412 0.188543 0.174402 0.16013 0.145867 0.131746 0.117894 0.104431 0.0914684 0.0791068 0.0674369 0.0565378 0.0464765 0.0373074 0.0290723 0.0218 0.0155063 0.0101946 0.00585564 0.00246827 
-3.13401e-06 0.00255126 0.00755252 0.0148617 0.0243149 0.0357259 0.0488899 0.0635866 0.0795834 0.0966385 0.114504 0.132931 0.15167 0.170473 0.189101 0.207323 0.224918 0.24168 0.257418 0.271958 0.285145 0.296842 0.306937 0.315336 0.321968 0.326785 0.329761 0.330889 0.330188 0.327693 0.323459 0.317562 0.310091 0.301152 0.290863 0.279356 0.266769 0.253251 0.238956 0.224041 0.208665 0.192988 0.177167 0.161356 0.145703 0.13035 0.115431 0.101067 0.0873724 0.0744471 0.062379 0.0512426 0.0410988 0.0319939 0.0239601 0.0170154 0.0111635 0.00639456 0.00268532 
-0.000107907 0.00259907 0.00799716 0.0159322 0.026223 0.0386644 0.0530313 0.0690815 0.0865596 0.105201 0.124733 0.144883 0.165377 0.185946 0.206325 0.226262 0.245515 0.263859 0.281083 0.296998 0.311433 0.324239 0.335292 0.34449 0.351755 0.357034 0.360297 0.36154 0.36078 0.358056 0.35343 0.346983 0.338813 0.329037 0.317783 0.305195 0.291425 0.276637 0.260998 0.244681 0.22786 0.210709 0.193403 0.176108 0.158988 0.142197 0.125882 0.110178 0.0952074 0.0810817 0.0678969 0.055735 0.0446625 0.0347306 0.0259748 0.0184149 0.0120553 0.00688534 0.00287991 
-0.000233528 0.00259731 0.0083558 0.0168728 0.0279504 0.041365 0.0568716 0.0742072 0.0930944 0.113246 0.134367 0.156161 0.17833 0.200584 0.222636 0.244211 0.26505 0.284905 0.303552 0.320782 0.336411 0.350279 0.36225 0.372214 0.380086 0.385808 0.389349 0.390702 0.389887 0.386947 0.381948 0.374976 0.36614 0.355564 0.343388 0.329768 0.31487 0.298868 0.281945 0.264289 0.246088 0.227531 0.208805 0.190094 0.171573 0.15341 0.135764 0.118782 0.102596 0.0873282 0.0730816 0.0599456 0.0479926 0.0372782 0.0278411 0.0197031 0.012869 0.00732766 0.00305199 
-0.000378914 0.00254746 0.00862965 0.017684 0.0294961 0.0438248 0.0604058 0.0789561 0.0991772 0.12076 0.143388 0.166742 0.190504 0.214359 0.238002 0.261137 0.283483 0.304779 0.324779 0.343261 0.360029 0.37491 0.387756 0.39845 0.406901 0.413048 0.416854 0.418315 0.41745 0.414306 0.408952 0.401484 0.392015 0.380679 0.367628 0.353027 0.337054 0.319899 0.301756 0.282826 0.263312 0.243418 0.223344 0.203286 0.183434 0.163968 0.145059 0.126864 0.109526 0.0931758 0.0779243 0.0638678 0.0510841 0.0396332 0.0295569 0.0208787 0.0136042 0.00772144 0.00320167 
-0.000542769 0.00245141 0.0088206 0.0183669 0.0308602 0.0460423 0.0636305 0.0833223 0.104799 0.127732 0.151782 0.176611 0.201878 0.227248 0.252395 0.277006 0.300781 0.32344 0.344723 0.364394 0.382242 0.398082 0.411759 0.423147 0.432149 0.438699 0.44276 0.444324 0.443414 0.440078 0.434391 0.426453 0.416386 0.404332 0.390452 0.374924 0.357935 0.339688 0.32039 0.300255 0.2795 0.25834 0.236991 0.21566 0.19455 0.173853 0.15375 0.13441 0.115986 0.0986153 0.082418 0.0674963 0.0539333 0.0417933 0.0311208 0.0219413 0.0142608 0.00806692 0.0033292 
-0.000723606 0.00231149 0.00893117 0.0189238 0.0320442 0.0480175 0.0665438 0.087302 0.109955 0.134152 0.159538 0.185751 0.212433 0.239228 0.265792 0.291792 0.316913 0.340857 0.363349 0.38414 0.403006 0.419752 0.434214 0.446258 0.455781 0.462713 0.467015 0.468679 0.467728 0.464213 0.458214 0.449835 0.439206 0.426477 0.411819 0.395417 0.377473 0.358199 0.337814 0.316545 0.294622 0.272272 0.249722 0.227194 0.204901 0.183047 0.161824 0.141409 0.121966 0.103639 0.086557 0.0708269 0.0565374 0.0437567 0.0325321 0.0228906 0.0148391 0.00836457 0.00343492 
-0.000919783 0.00213034 0.00896442 0.0193576 0.0330502 0.0497517 0.0691454 0.090893 0.114639 0.140015 0.166646 0.194151 0.222154 0.250282 0.278171 0.305472 0.331852 0.356999 0.380625 0.402465 0.422286 0.439883 0.455081 0.467741 0.477754 0.485046 0.489576 0.491335 0.490347 0.486667 0.480377 0.471587 0.460434 0.447074 0.431688 0.41447 0.395632 0.375397 0.353996 0.331667 0.308651 0.285188 0.261517 0.237869 0.214471 0.191537 0.169268 0.147851 0.127458 0.108242 0.0903368 0.0738568 0.0588948 0.0455227 0.0337907 0.0237273 0.0153399 0.00861507 0.00351929 
-0.00112952 0.0019109 0.0089239 0.0196719 0.0338814 0.051247 0.0714365 0.0940948 0.11885 0.145315 0.173098 0.201802 0.231031 0.260395 0.289514 0.318024 0.345575 0.371842 0.396522 0.41934 0.440051 0.458439 0.474325 0.487559 0.498029 0.505658 0.510402 0.512252 0.511233 0.5074 0.500842 0.491671 0.480032 0.466087 0.450025 0.43205 0.412382 0.391255 0.36891 0.345596 0.321565 0.297069 0.272356 0.247671 0.223248 0.199311 0.176073 0.153728 0.132457 0.112419 0.0937547 0.0765841 0.0610046 0.0470914 0.0348972 0.0244521 0.0157641 0.00881933 0.00358289 
-0.00135092 0.00165639 0.00881358 0.019871 0.0345419 0.0525071 0.0734194 0.0969086 0.122586 0.15005 0.178892 0.208696 0.239053 0.269556 0.299809 0.329433 0.358064 0.385365 0.411018 0.43474 0.456272 0.475394 0.491914 0.505681 0.516576 0.524517 0.529461 0.531397 0.53035 0.526379 0.519574 0.510055 0.497968 0.483485 0.466801 0.448128 0.427696 0.405746 0.382532 0.358311 0.333345 0.307897 0.282226 0.256585 0.231218 0.20636 0.182231 0.159035 0.136957 0.116167 0.0968089 0.0790084 0.0628671 0.0484635 0.0358528 0.0250666 0.0161132 0.00897847 0.00362636 
-0.001582 0.00137024 0.00863781 0.0199596 0.0350366 0.0535363 0.075098 0.0993369 0.12585 0.154221 0.184024 0.214831 0.246215 0.277756 0.309045 0.339686 0.369306 0.397551 0.424095 0.448643 0.470929 0.490722 0.507825 0.522081 0.533366 0.541596 0.546724 0.54874 0.547671 0.543576 0.536547 0.52671 0.514216 0.499243 0.481991 0.462682 0.441552 0.418852 0.394844 0.369795 0.343977 0.31766 0.291114 0.264601 0.238375 0.212678 0.187738 0.163767 0.140958 0.119485 0.099499 0.0811299 0.0644832 0.0496406 0.0366593 0.0255724 0.0163887 0.00909377 0.00365045 
-0.00182069 0.00105604 0.00840127 0.019943 0.0353708 0.05434 0.0764769 0.101384 0.128644 0.157827 0.188495 0.220204 0.252514 0.284992 0.317215 0.348776 0.379288 0.408388 0.435739 0.461036 0.484004 0.504406 0.522039 0.536738 0.548378 0.556871 0.562168 0.56426 0.563172 0.558966 0.551738 0.541616 0.528755 0.51334 0.495577 0.475693 0.453933 0.430557 0.405832 0.380036 0.353447 0.326347 0.299012 0.271713 0.244713 0.21826 0.192591 0.167923 0.144458 0.122373 0.101826 0.0829503 0.065855 0.0506248 0.037319 0.0259717 0.0165926 0.00916669 0.00365598 
-0.00206487 0.00071758 0.00810891 0.0198271 0.0355508 0.0549243 0.0775622 0.103055 0.130973 0.160875 0.192307 0.224817 0.25795 0.291262 0.324317 0.356697 0.388006 0.417868 0.44594 0.471906 0.495486 0.516433 0.53454 0.549638 0.561597 0.570327 0.575778 0.577939 0.576836 0.572534 0.56513 0.554754 0.541568 0.52576 0.507542 0.487147 0.464827 0.440848 0.415485 0.389023 0.361749 0.333952 0.305915 0.277917 0.250228 0.223104 0.196788 0.171504 0.147457 0.124833 0.103792 0.0844719 0.0669853 0.0514191 0.0378346 0.0262673 0.016727 0.00919886 0.00364383 
-0.00231238 0.000358735 0.00776595 0.0196178 0.0355832 0.0552962 0.0783609 0.104357 0.132844 0.163368 0.195466 0.228673 0.262525 0.296566 0.330349 0.363448 0.395456 0.425989 0.454694 0.481249 0.505367 0.526794 0.54532 0.56077 0.573011 0.581952 0.58754 0.589765 0.588652 0.584267 0.57671 0.566115 0.552645 0.536494 0.517878 0.497036 0.474226 0.449718 0.423797 0.396752 0.368879 0.34047 0.311819 0.283211 0.25492 0.227211 0.20033 0.17451 0.149959 0.126867 0.1054 0.0856983 0.0678775 0.0520269 0.0382095 0.0264619 0.0167945 0.00919205 0.00361496 
-0.00256101 -1.65118e-05 0.00737776 0.0193217 0.0354753 0.0554634 0.0788807 0.105297 0.134262 0.165314 0.197978 0.231779 0.266245 0.300909 0.335317 0.369033 0.40164 0.43275 0.462 0.489063 0.513645 0.535488 0.554375 0.570131 0.582618 0.591742 0.597451 0.599732 0.598613 0.59416 0.586474 0.575692 0.561981 0.545536 0.52658 0.505356 0.482125 0.457166 0.430766 0.403222 0.374834 0.345903 0.316727 0.287596 0.258791 0.230582 0.203222 0.176945 0.151967 0.128481 0.106655 0.086634 0.068536 0.0524524 0.0384475 0.026559 0.0167976 0.00914815 0.00357039 
-0.00280857 -0.000404116 0.0069499 0.0189455 0.0352347 0.0554342 0.0791304 0.105885 0.135239 0.166721 0.199851 0.234143 0.269117 0.304299 0.339226 0.373456 0.406564 0.438156 0.467863 0.495351 0.520322 0.542515 0.561708 0.577721 0.590416 0.599696 0.605509 0.607841 0.60672 0.602212 0.594421 0.583485 0.569574 0.552887 0.533648 0.512106 0.488526 0.463191 0.436393 0.408434 0.379619 0.350254 0.320641 0.291077 0.261846 0.233224 0.205467 0.178815 0.153487 0.129678 0.107562 0.0872842 0.068966 0.0527002 0.0385527 0.026562 0.0167392 0.00906919 0.00351119 
-0.00305285 -0.000799999 0.00648803 0.0184962 0.0348695 0.0552176 0.0791197 0.10613 0.135784 0.167602 0.201096 0.235775 0.271152 0.306745 0.342087 0.376727 0.410237 0.442215 0.47229 0.500122 0.525407 0.547883 0.567323 0.583546 0.596411 0.605821 0.61172 0.614096 0.612976 0.608428 0.600556 0.589499 0.57543 0.558551 0.539088 0.517293 0.493435 0.4678 0.440685 0.412395 0.38324 0.353528 0.323568 0.29366 0.264092 0.235143 0.207074 0.180127 0.154525 0.130467 0.108127 0.0876551 0.069173 0.0527756 0.0385298 0.0264748 0.0166224 0.0089573 0.00343846 
-0.00329167 -0.00120008 0.00599788 0.017981 0.0343881 0.0548228 0.0788587 0.106044 0.135909 0.167967 0.201725 0.236688 0.272362 0.30826 0.343911 0.378859 0.412671 0.444942 0.475294 0.503386 0.528912 0.551603 0.571234 0.587619 0.600616 0.610127 0.616095 0.618508 0.617393 0.612818 0.604888 0.593744 0.57956 0.562538 0.542909 0.520926 0.496861 0.471003 0.443651 0.415114 0.385705 0.355737 0.325519 0.295355 0.265538 0.236348 0.208051 0.18089 0.15509 0.130854 0.108359 0.0877537 0.0691636 0.0526842 0.0383836 0.0263016 0.0164504 0.00881471 0.00335337 
-0.00352289 -0.00160029 0.00548522 0.017407 0.033799 0.0542598 0.0783583 0.105639 0.135625 0.167829 0.201753 0.236897 0.272762 0.308861 0.344715 0.379868 0.413883 0.44635 0.476892 0.505162 0.530852 0.553693 0.573456 0.589955 0.603046 0.61263 0.618651 0.621094 0.619987 0.615399 0.607434 0.596236 0.581977 0.564864 0.545126 0.52302 0.498819 0.472813 0.445305 0.416606 0.387029 0.356891 0.326504 0.296174 0.266195 0.236851 0.208408 0.181113 0.155193 0.13085 0.108265 0.0875877 0.0689446 0.0524323 0.0381195 0.0260468 0.0162265 0.00864371 0.00325708 
-0.0037444 -0.00199661 0.00495581 0.0167818 0.033111 0.0535386 0.0776299 0.104926 0.134948 0.167204 0.201195 0.236417 0.27237 0.308564 0.344518 0.379774 0.413892 0.446462 0.477103 0.505469 0.531249 0.554173 0.574011 0.590576 0.603723 0.613353 0.619407 0.621873 0.620778 0.61619 0.608215 0.596994 0.582703 0.565547 0.545759 0.523594 0.499326 0.473249 0.445665 0.416886 0.387228 0.357008 0.32654 0.296131 0.266078 0.236665 0.208158 0.180808 0.154842 0.130464 0.107855 0.0871657 0.0685237 0.0520264 0.0377432 0.0257149 0.0159543 0.00844669 0.00315082 
-0.00395415 -0.0023851 0.00441536 0.0161126 0.0323333 0.0526699 0.0766855 0.103919 0.133891 0.166108 0.200067 0.235267 0.271205 0.30739 0.343341 0.378598 0.412721 0.4453 0.475953 0.504333 0.530129 0.55307 0.572926 0.589509 0.602674 0.612321 0.618392 0.620874 0.619794 0.615218 0.607255 0.596044 0.581762 0.564613 0.54483 0.52267 0.498406 0.472332 0.444751 0.415975 0.386321 0.356106 0.325645 0.295244 0.265202 0.235804 0.207316 0.17999 0.154052 0.129708 0.107138 0.0864966 0.0679089 0.0514736 0.0372604 0.0253106 0.0156373 0.00822608 0.00303581 
-0.00415017 -0.00276193 0.00386953 0.0154069 0.0314748 0.0516642 0.0755375 0.102633 0.13247 0.164556 0.19839 0.233467 0.269288 0.305361 0.341207 0.376365 0.410397 0.442892 0.473469 0.501782 0.527521 0.550413 0.57023 0.586784 0.599929 0.609566 0.615637 0.618127 0.617064 0.612515 0.604585 0.593416 0.579183 0.56209 0.542369 0.520276 0.496085 0.470088 0.442588 0.413896 0.38433 0.354206 0.323837 0.293532 0.263586 0.234285 0.205897 0.178671 0.152835 0.128593 0.106127 0.0855902 0.0671087 0.050781 0.0366772 0.0248389 0.0152793 0.00798434 0.0029133 
-0.00433059 -0.00312336 0.00332382 0.0146719 0.0305445 0.0505325 0.0741983 0.101081 0.130702 0.162568 0.196181 0.231039 0.266643 0.302503 0.338143 0.373103 0.406948 0.439268 0.469684 0.49785 0.523458 0.546237 0.565959 0.582436 0.595525 0.605124 0.611177 0.613668 0.612625 0.608114 0.600241 0.589145 0.575 0.558011 0.538407 0.516443 0.492392 0.466545 0.439203 0.410677 0.381281 0.351332 0.321141 0.291015 0.261249 0.232128 0.203918 0.176868 0.151205 0.127133 0.104833 0.0844568 0.066132 0.0499564 0.0360001 0.0243047 0.0148839 0.00772396 0.00278451 
-0.0044936 -0.00346583 0.00278361 0.0139148 0.0295517 0.0492857 0.0726809 0.0992785 0.128602 0.160162 0.193462 0.228004 0.263293 0.298842 0.334177 0.368843 0.402406 0.434461 0.464631 0.492572 0.517978 0.540581 0.560152 0.576507 0.589502 0.599036 0.605054 0.607539 0.606518 0.602058 0.594262 0.583269 0.569252 0.552413 0.53298 0.511206 0.487363 0.461737 0.434629 0.406346 0.377202 0.34751 0.317581 0.287717 0.258214 0.229352 0.201398 0.174598 0.149178 0.125341 0.103267 0.0831072 0.0649882 0.0490077 0.0352355 0.0237133 0.0144551 0.00744746 0.0026507 
-0.00463753 -0.00378594 0.00225407 0.0131428 0.0285051 0.0479348 0.0709984 0.0972406 0.126189 0.157357 0.190255 0.224388 0.259266 0.294406 0.32934 0.363616 0.396807 0.428509 0.458349 0.485988 0.511122 0.533485 0.552852 0.569039 0.581904 0.591347 0.597312 0.599784 0.598788 0.59439 0.586692 0.575832 0.561981 0.545338 0.52613 0.504605 0.481033 0.455699 0.428898 0.400937 0.372124 0.342771 0.313183 0.283664 0.254503 0.225979 0.198356 0.171878 0.14677 0.123232 0.101442 0.0815524 0.0636868 0.0479428 0.0343899 0.0230698 0.0139966 0.00715734 0.0025131 
-0.00476083 -0.00408049 0.00174015 0.0123625 0.0274137 0.0464906 0.0691639 0.0949827 0.12348 0.154175 0.186583 0.220215 0.254588 0.289226 0.323664 0.357459 0.390186 0.421449 0.450879 0.478141 0.502934 0.524997 0.544107 0.560081 0.572781 0.582106 0.588002 0.590452 0.589483 0.585159 0.57758 0.566882 0.553233 0.536831 0.517898 0.496681 0.473444 0.448469 0.422049 0.394484 0.36608 0.337144 0.307979 0.278882 0.250141 0.222031 0.194813 0.168728 0.143998 0.120821 0.099373 0.0798042 0.0622377 0.04677 0.0334701 0.0223794 0.0135122 0.00685607 0.00237291 
-0.00486207 -0.00434649 0.00124656 0.0115806 0.026286 0.044964 0.0671905 0.0925205 0.120493 0.150635 0.182469 0.215513 0.24929 0.283333 0.317185 0.350408 0.382585 0.413325 0.442265 0.469076 0.493462 0.515165 0.533966 0.549685 0.562184 0.571366 0.577176 0.579598 0.578658 0.574418 0.566977 0.556469 0.543059 0.526941 0.508334 0.48748 0.464641 0.440091 0.414121 0.387026 0.359106 0.330664 0.301998 0.2734 0.245155 0.217534 0.190792 0.165168 0.140879 0.118123 0.0970722 0.0778742 0.060651 0.0454978 0.0324829 0.0216474 0.0130057 0.00654612 0.00223133 
-0.00493998 -0.00458121 0.000777694 0.0108033 0.0251304 0.0433656 0.0650913 0.0898696 0.117247 0.14676 0.177937 0.210307 0.243402 0.276761 0.309938 0.342501 0.374043 0.404179 0.432554 0.458844 0.482758 0.504043 0.522484 0.537905 0.55017 0.559184 0.564892 0.567278 0.566369 0.562223 0.55494 0.544649 0.531513 0.51572 0.497488 0.477052 0.454668 0.430609 0.405157 0.378602 0.351239 0.323365 0.295273 0.26725 0.239574 0.212512 0.186315 0.161217 0.137433 0.115156 0.0945542 0.0757747 0.0589368 0.0441344 0.0314349 0.0208789 0.012481 0.00622987 0.00208951 
-0.00499343 -0.00478217 0.000337634 0.0100366 0.0239549 0.0417058 0.0628792 0.0870456 0.113761 0.14257 0.173012 0.204626 0.236954 0.269544 0.30196 0.333781 0.364606 0.39406 0.421795 0.447494 0.470874 0.491685 0.509718 0.5248 0.536799 0.54562 0.55121 0.553554 0.552677 0.548636 0.541528 0.53148 0.51865 0.503224 0.485412 0.465447 0.443578 0.42007 0.395201 0.369255 0.342519 0.315285 0.287839 0.260461 0.233426 0.206992 0.181407 0.156899 0.133678 0.111934 0.0918333 0.0735178 0.0571055 0.0426885 0.0303329 0.0200791 0.0119415 0.00590968 0.00194857 
-0.00502146 -0.00494716 -6.98967e-05 0.00928598 0.0227672 0.0399946 0.0605669 0.0840642 0.110053 0.138088 0.16772 0.1985 0.229978 0.261718 0.293291 0.324288 0.354318 0.383015 0.410039 0.435082 0.457866 0.478151 0.495729 0.510433 0.522133 0.530738 0.536195 0.53849 0.537646 0.533719 0.526804 0.517024 0.504533 0.489512 0.472165 0.45272 0.431421 0.408524 0.384301 0.359029 0.332989 0.306463 0.279731 0.253069 0.226741 0.201001 0.176091 0.152234 0.129634 0.108476 0.0889241 0.0711161 0.0551674 0.0411683 0.0291836 0.019253 0.011391 0.0055878 0.00180957 
-0.00502329 -0.00507431 -0.00044156 0.00855662 0.0215745 0.0382417 0.0581668 0.0809408 0.106141 0.133335 0.162086 0.191955 0.222509 0.253319 0.283972 0.314067 0.343227 0.371094 0.39734 0.421663 0.443795 0.4635 0.480578 0.494867 0.506238 0.514605 0.519914 0.522153 0.521343 0.51754 0.510834 0.501345 0.489223 0.474644 0.457806 0.43893 0.418252 0.396023 0.372507 0.347971 0.32269 0.296938 0.270988 0.245106 0.21955 0.194568 0.170394 0.147244 0.12532 0.104799 0.0858413 0.0685818 0.0531328 0.0395822 0.0279935 0.0184056 0.010833 0.0052664 0.00167353 
-0.00499832 -0.00516204 -0.000774439 0.00785315 0.0203835 0.0364563 0.055691 0.0776905 0.102045 0.128334 0.156136 0.185024 0.214578 0.244385 0.274042 0.303163 0.331381 0.358351 0.383753 0.407296 0.42872 0.447797 0.464333 0.478169 0.489183 0.497289 0.502437 0.504613 0.503839 0.500167 0.493685 0.48451 0.472787 0.458684 0.442396 0.424134 0.404128 0.382622 0.359868 0.336129 0.311669 0.286754 0.261647 0.236608 0.211886 0.187721 0.16434 0.141954 0.120755 0.10092 0.0825996 0.0659274 0.0510118 0.0379385 0.026769 0.0175416 0.0102706 0.00494753 0.00154139 
-0.00494616 -0.00520913 -0.00106606 0.00717973 0.0192006 0.0346472 0.0531511 0.074328 0.0977815 0.123107 0.149895 0.177735 0.206221 0.234953 0.263545 0.291622 0.31883 0.344837 0.369335 0.392041 0.412705 0.431107 0.44706 0.46041 0.471039 0.478864 0.483837 0.485944 0.485205 0.481673 0.475431 0.466591 0.455292 0.4417 0.425999 0.408395 0.389108 0.368375 0.346439 0.323552 0.299971 0.275951 0.251748 0.227611 0.203781 0.18049 0.157957 0.136385 0.115962 0.0968551 0.0792138 0.0631652 0.0488147 0.0362451 0.0255164 0.0166657 0.00970721 0.00463313 0.00141405 
-0.00486659 -0.00521473 -0.00131444 0.00653994 0.0180314 0.0328226 0.050558 0.0708676 0.0933698 0.117675 0.143389 0.170118 0.19747 0.225062 0.252522 0.27949 0.305626 0.330609 0.354144 0.375959 0.395815 0.413498 0.428829 0.44166 0.451878 0.459403 0.464188 0.46622 0.465518 0.462132 0.456143 0.447658 0.436811 0.423759 0.408682 0.391775 0.373253 0.353341 0.332273 0.310292 0.287644 0.264576 0.241331 0.218151 0.195268 0.172904 0.15127 0.130561 0.110958 0.0926231 0.0756985 0.0603074 0.0465512 0.0345099 0.0242416 0.0157821 0.00914566 0.00432499 0.0012923 
-0.00475964 -0.00517835 -0.00151809 0.00593681 0.016881 0.0309899 0.0479224 0.0673233 0.0888268 0.112059 0.136644 0.162203 0.188361 0.214752 0.241017 0.266815 0.291819 0.315721 0.338239 0.359114 0.378115 0.395038 0.409711 0.421994 0.431777 0.438983 0.443568 0.445519 0.444854 0.441622 0.435898 0.427786 0.417414 0.404932 0.390512 0.374341 0.356625 0.337578 0.317426 0.2964 0.274736 0.252671 0.230438 0.208267 0.186382 0.164994 0.144306 0.124506 0.105766 0.0882407 0.0720682 0.0573657 0.0442309 0.0327405 0.0229503 0.0148951 0.00858873 0.00402474 0.00117686 
-0.00462554 -0.00509994 -0.00167606 0.00537271 0.0157536 0.029156 0.0452539 0.0637082 0.0841696 0.106282 0.129685 0.154019 0.178928 0.204059 0.229075 0.253646 0.277462 0.300231 0.321683 0.34157 0.359673 0.375798 0.38978 0.401486 0.410811 0.417682 0.422055 0.42392 0.423293 0.42022 0.414773 0.407051 0.397176 0.385291 0.371559 0.356159 0.339287 0.321147 0.301954 0.28193 0.261297 0.240283 0.219109 0.197996 0.177155 0.15679 0.137092 0.118242 0.100404 0.0837249 0.0683368 0.0543518 0.041863 0.0309439 0.0216478 0.0140084 0.00803895 0.00373381 0.00106834 
-0.00446478 -0.00497984 -0.00178799 0.00484935 0.0146529 0.0273271 0.0425619 0.0600349 0.0794145 0.100363 0.122538 0.145598 0.169205 0.193025 0.216737 0.24003 0.262608 0.284196 0.304535 0.323392 0.340558 0.35585 0.369111 0.380213 0.389059 0.395579 0.399731 0.401504 0.400915 0.398006 0.392847 0.385531 0.376172 0.364908 0.351893 0.337297 0.321304 0.304109 0.285916 0.266934 0.247377 0.227457 0.207388 0.187375 0.167622 0.148322 0.129655 0.111793 0.0948921 0.0790924 0.0645184 0.0512769 0.0394564 0.0291269 0.0203392 0.0131254 0.00749854 0.00345348 0.000967263 
-0.00427807 -0.00481886 -0.0018541 0.00436773 0.0135819 0.0255085 0.0398545 0.0563152 0.0745774 0.0943217 0.115226 0.136967 0.159226 0.181688 0.204049 0.226017 0.247312 0.267673 0.286858 0.304646 0.32084 0.335266 0.347778 0.358254 0.366602 0.372755 0.376676 0.378353 0.377802 0.375063 0.370201 0.363304 0.354481 0.34386 0.331587 0.317823 0.302742 0.286526 0.26937 0.251469 0.233025 0.214241 0.195315 0.176444 0.157818 0.13962 0.122021 0.105182 0.0892503 0.0743593 0.0606261 0.0481516 0.0370195 0.0272959 0.019029 0.0122493 0.00696943 0.00318476 0.000874026 
-0.00406639 -0.00461829 -0.00187527 0.00392809 0.0125425 0.0237047 0.0371392 0.05256 0.069673 0.0881784 0.107773 0.128156 0.149025 0.170086 0.191055 0.211655 0.231625 0.250721 0.268714 0.285398 0.300588 0.31412 0.325857 0.335686 0.343518 0.349293 0.352974 0.354551 0.354037 0.351472 0.346916 0.34045 0.332179 0.322221 0.310714 0.297808 0.283666 0.268461 0.252373 0.235588 0.218294 0.20068 0.182933 0.165239 0.147776 0.130714 0.114215 0.0984302 0.0834973 0.0695415 0.0566728 0.0449861 0.03456 0.0254566 0.0177213 0.0113828 0.00645319 0.00292845 0.000788897 
-0.00383101 -0.0043799 -0.00185305 0.00352986 0.0115358 0.0219191 0.0344226 0.0487796 0.0647156 0.0819512 0.100204 0.119192 0.138635 0.158259 0.177796 0.196992 0.215602 0.233398 0.250167 0.265716 0.279873 0.292486 0.303426 0.312588 0.31989 0.325275 0.328708 0.33018 0.329705 0.327317 0.323074 0.317051 0.309345 0.300068 0.289346 0.277321 0.264145 0.249977 0.234987 0.219347 0.203232 0.18682 0.170286 0.1538 0.13753 0.121635 0.106265 0.0915606 0.0776516 0.064654 0.0526707 0.0417899 0.0320851 0.0236141 0.0164195 0.010528 0.00595104 0.00268507 0.000712004 
-0.00357346 -0.00410601 -0.00178972 0.00317163 0.0105622 0.0201544 0.0317104 0.044983 0.0597184 0.0756577 0.0925397 0.110103 0.128089 0.146243 0.164318 0.182078 0.199296 0.215761 0.231277 0.245666 0.258766 0.270438 0.280562 0.289041 0.2958 0.300784 0.303963 0.305327 0.304889 0.302682 0.298758 0.293187 0.286059 0.277477 0.267559 0.256434 0.244244 0.231137 0.217269 0.2028 0.187893 0.17271 0.157414 0.142164 0.127113 0.11241 0.0981938 0.0845941 0.0717308 0.0597114 0.0486312 0.0385718 0.0296012 0.0217731 0.0151266 0.00968657 0.00546373 0.00245483 0.000643317 
-0.00329562 -0.00379954 -0.00168834 0.00285107 0.00962078 0.0184122 0.029007 0.0411785 0.0546937 0.0693149 0.0848024 0.100916 0.117418 0.134076 0.150662 0.166959 0.18276 0.19787 0.212109 0.225314 0.237337 0.248049 0.257342 0.265125 0.271328 0.275904 0.278822 0.280076 0.279676 0.277651 0.274051 0.268941 0.262401 0.254526 0.245425 0.235217 0.224032 0.212005 0.19928 0.186004 0.172325 0.158394 0.14436 0.130368 0.116559 0.10307 0.0900274 0.0775516 0.065752 0.0547273 0.0445649 0.0353398 0.0271141 0.0199371 0.0138446 0.00885957 0.00499154 0.0022376 0.00058263 
-0.00299971 -0.00346402 -0.00155279 0.00256487 0.00870979 0.0166929 0.0263159 0.0373731 0.0496526 0.0629385 0.0770126 0.0916568 0.106655 0.121795 0.13687 0.151683 0.166046 0.179781 0.192725 0.204728 0.215657 0.225395 0.233843 0.240918 0.246558 0.250718 0.253372 0.254512 0.254149 0.252309 0.249038 0.244393 0.238449 0.231292 0.22302 0.213742 0.203575 0.192644 0.181079 0.169012 0.15658 0.143919 0.131164 0.118448 0.105899 0.0936409 0.0817893 0.0704529 0.0597314 0.0497145 0.0404816 0.0321008 0.0246284 0.018109 0.0125752 0.00804736 0.0045342 0.00203287 0.000529529 
-0.00268833 -0.00310368 -0.0013879 0.00230868 0.00782628 0.0149958 0.0236395 0.0335728 0.0446054 0.0565432 0.0691901 0.08235 0.0958285 0.109435 0.122984 0.136297 0.149206 0.161551 0.173184 0.183973 0.193797 0.202549 0.210142 0.216501 0.221571 0.22531 0.227695 0.22872 0.228394 0.226741 0.2238 0.219626 0.214283 0.207851 0.200417 0.192079 0.182942 0.173118 0.162724 0.15188 0.140708 0.12933 0.117868 0.106442 0.0951659 0.0841512 0.0735024 0.0633168 0.0536841 0.0446848 0.03639 0.0288608 0.0221478 0.0162907 0.0113186 0.00724947 0.00409079 0.00183966 0.000483367 
-0.00236454 -0.00272355 -0.00119949 0.00207702 0.00696614 0.0133191 0.020979 0.0297825 0.0395611 0.0501427 0.0613535 0.0730195 0.0849684 0.097031 0.109043 0.120846 0.132291 0.143235 0.15355 0.163115 0.171824 0.179584 0.186316 0.191953 0.196447 0.199762 0.201877 0.202785 0.202495 0.201029 0.198422 0.19472 0.189984 0.184281 0.17769 0.170297 0.162197 0.153488 0.144274 0.134661 0.124758 0.114672 0.104512 0.0943841 0.0843895 0.0746269 0.0651887 0.0561615 0.0476244 0.0396488 0.0322976 0.0256248 0.0196749 0.014483 0.0100744 0.00646456 0.00365962 0.00165645 0.000443214 
-0.00203193 -0.00232959 -0.000994515 0.00186319 0.00612403 0.0116597 0.0183343 0.0260058 0.0345275 0.0437495 0.0535203 0.0636882 0.0741029 0.0846169 0.0950868 0.105375 0.11535 0.12489 0.133881 0.142218 0.149809 0.156572 0.162439 0.167353 0.171269 0.174157 0.176 0.17679 0.176537 0.175258 0.172985 0.169758 0.165628 0.160657 0.154912 0.148469 0.141408 0.133818 0.125787 0.117409 0.108778 0.099989 0.0911353 0.0823093 0.0736001 0.0650932 0.0568694 0.0490037 0.0415652 0.034616 0.0282108 0.0223963 0.0172111 0.0126854 0.00884079 0.00569016 0.00323812 0.00148108 0.000407792 
-0.00169476 -0.00192883 -0.000781196 0.00165918 0.00529327 0.0100133 0.0157041 0.0222451 0.0295112 0.0373749 0.0457068 0.0543775 0.0632589 0.072225 0.0811536 0.0899271 0.0984338 0.106569 0.114236 0.121345 0.127818 0.133585 0.138587 0.142776 0.146115 0.148577 0.150147 0.15082 0.150602 0.149511 0.147571 0.144818 0.141296 0.137056 0.132156 0.126661 0.12064 0.114168 0.10732 0.100177 0.0928176 0.0853239 0.0777756 0.0702511 0.0628266 0.0555747 0.0485642 0.0418593 0.0355185 0.0295948 0.0241346 0.0191776 0.0147563 0.010896 0.00761466 0.00492254 0.00282259 0.00131055 0.000375378 
-0.00135817 -0.00152964 -0.000569228 0.00145552 0.00446585 0.00837412 0.0130859 0.0185015 0.0245179 0.0310291 0.0379282 0.045108 0.0524622 0.0598867 0.06728 0.0745448 0.0815887 0.0883247 0.0946724 0.100559 0.105918 0.110692 0.114833 0.118301 0.121064 0.123101 0.124399 0.124955 0.124774 0.123868 0.122261 0.11998 0.117062 0.113551 0.109493 0.104943 0.0999574 0.0945982 0.0889288 0.0830147 0.0769225 0.0707191 0.0644707 0.0582423 0.0520968 0.0460944 0.0402921 0.0347427 0.0294949 0.0245921 0.0200727 0.0159694 0.0123087 0.00911126 0.00639125 0.00415639 0.00240793 0.00114075 0.000343647 
-0.00102851 -0.00114208 -0.000369985 0.00124123 0.00363234 0.00673531 0.0104759 0.0147752 0.0195516 0.0247209 0.0301983 0.0358986 0.0417374 0.0476319 0.0535016 0.0592692 0.0648612 0.0702086 0.0752475 0.0799199 0.0841735 0.0879628 0.0912491 0.0940006 0.0961928 0.0978085 0.0988376 0.0992773 0.0991316 0.0984114 0.0971337 0.0953219 0.0930046 0.0902158 0.0869939 0.0833811 0.0794233 0.075169 0.0706686 0.0659744 0.061139 0.0562157 0.0512569 0.0463142 0.0414375 0.0366746 0.0320706 0.0276674 0.0235035 0.0196134 0.0160272 0.0127708 0.00986508 0.00732587 0.0051639 0.00338445 0.00198721 0.00096612 0.000309404 
-0.000713916 -0.000778354 -0.000196777 0.00100365 0.00278188 0.00508858 0.00786902 0.0110649 0.0146154 0.0184581 0.0225298 0.0267673 0.0311077 0.0354894 0.0398526 0.0441397 0.0482961 0.0522706 0.0560156 0.0594879 0.0626487 0.0654643 0.0679058 0.0699497 0.0715778 0.0727773 0.0735407 0.0738659 0.0737562 0.0732194 0.0722683 0.0709204 0.069197 0.0671233 0.0647278 0.0620421 0.0591002 0.0559382 0.0525936 0.0491051 0.045512 0.0418538 0.0381694 0.0344973 0.0308744 0.0273361 0.0239161 0.0206454 0.0175524 0.0146628 0.0119988 0.00957958 0.00742031 0.00553255 0.00392376 0.0025971 0.00155105 0.000778876 0.000268079 
-0.000425439 -0.00045353 -6.50999e-05 0.000728465 0.00190223 0.0034244 0.00525916 0.0073681 0.00971112 0.012247 0.0149341 0.0177305 0.0205948 0.0234863 0.0263655 0.0291943 0.0319368 0.0345591 0.0370297 0.0393203 0.0414053 0.0432622 0.0448722 0.0462198 0.0472928 0.0480831 0.0485855 0.0487989 0.0487252 0.0483698 0.0477412 0.0468508 0.0457128 0.0443439 0.0427628 0.0409904 0.0390491 0.0369629 0.0347563 0.0324551 0.0300851 0.0276723 0.0252425 0.0228208 0.0204318 0.0180988 0.0158438 0.0136873 0.0116481 0.00974301 0.00798665 0.00639144 0.00496738 0.00372186 0.0026595 0.00178181 0.00108677 0.000567897 0.000212668 
-0.000179078 -0.000186343 7.19695e-06 0.000399717 0.000979836 0.00173211 0.00263893 0.00368133 0.00483948 0.006093 0.00742124 0.00880351 0.0102193 0.0116485 0.0130715 0.0144695 0.0158248 0.0171206 0.0183414 0.0194731 0.020503 0.0214202 0.0222153 0.0228806 0.0234102 0.0237999 0.0240475 0.0241522 0.024115 0.0239387 0.0236274 0.0231868 0.0226238 0.0219469 0.0211652 0.0202891 0.0193297 0.0182987 0.0172085 0.0160715 0.0149007 0.0137089 0.0125088 0.0113128 0.010133 0.00898096 0.00786751 0.00680278 0.005796 0.00485543 0.00398829 0.00320068 0.00249746 0.00188222 0.0013571 0.000922622 0.000577279 0.000316658 0.000131213 
