0.000185935 0.000384907 0.000629212 0.000954525 0.00139471 0.0019783 0.00272608 0.00364937 0.00474907 0.00601525 0.0074274 0.00895507 0.0105591 0.0121931 0.0138055 0.0153416 0.0167457 0.0179639 0.0189461 0.0196482 0.0200345 0.0200795 0.0197688 0.0191009 0.0180873 0.0167531 0.0151364 0.0132877 0.0112688 0.00915107 0.00701342 0.00494021 0.00301865 0.00133617 2.22888e-05 0.000976951 0.00145576 0.00139673 0.000749906 
0.000412471 0.000862451 0.00141779 0.00214963 0.00312388 0.00439496 0.00600132 0.00796226 0.0102762 0.0129201 0.0158498 0.0190016 0.0222948 0.0256349 0.0289169 0.0320306 0.034864 0.0373092 0.0392662 0.0406479 0.0413839 0.0414243 0.0407423 0.0393365 0.0372319 0.0344806 0.0311608 0.0273754 0.0232495 0.0189275 0.0145686 0.0103425 0.00642445 0.00298984 0.000208747 0.00175939 0.00277093 0.00270275 0.00145636 
0.000696323 0.00145999 0.00239746 0.00361579 0.00521184 0.00726394 0.00982566 0.0129216 0.0165449 0.0206568 0.025187 0.0300367 0.035082 0.0401785 0.0451676 0.0498826 0.0541557 0.0578251 0.0607418 0.0627766 0.0638258 0.0638165 0.062711 0.0605096 0.0572525 0.05302 0.0479318 0.0421444 0.0358475 0.0292587 0.0226181 0.0161812 0.0102109 0.00497028 0.000714004 0.0023197 0.00391668 0.00389399 0.00210616 
0.00104549 0.00219055 0.00358234 0.00536419 0.00766303 0.0105794 0.01418 0.0184924 0.0235023 0.0291529 0.0353463 0.0419468 0.0487863 0.0556701 0.0623854 0.0687095 0.074419 0.0792992 0.0831533 0.0858112 0.0871372 0.0870371 0.0854637 0.0824202 0.0779633 0.0722029 0.0653007 0.0574675 0.0489574 0.0400618 0.0311011 0.0224157 0.0143558 0.00727088 0.00149878 0.00264481 0.00487676 0.0049559 0.00269138 
0.0014623 0.00305716 0.0049736 0.0073912 0.0104661 0.0143195 0.0190294 0.0246244 0.031081 0.0383228 0.0462228 0.0546077 0.0632644 0.071948 0.0803919 0.0883178 0.0954479 0.101516 0.106278 0.109526 0.111093 0.110864 0.108786 0.104865 0.0991744 0.0918555 0.0831122 0.0732092 0.0624651 0.0512439 0.0399457 0.0289943 0.0188254 0.00987326 0.00255719 0.00273173 0.00564332 0.00588003 0.00320728 
0.00194512 0.00405554 0.00656257 0.00968166 0.013597 0.0184492 0.0243257 0.0312545 0.0392014 0.0480693 0.0577011 0.0678855 0.0783645 0.0888433 0.0990021 0.108509 0.117032 0.124255 0.129891 0.133692 0.135463 0.135073 0.132459 0.127635 0.120691 0.111799 0.101205 0.0892275 0.0762487 0.0627041 0.0490712 0.0358557 0.0235764 0.0127502 0.00387503 0.00258482 0.00621449 0.00666214 0.00365129 
0.00248938 0.00517591 0.00833304 0.0122113 0.0170217 0.0229226 0.0300096 0.0383086 0.0477732 0.0582849 0.0696562 0.0816376 0.0939267 0.10618 0.118025 0.129077 0.138955 0.147293 0.153761 0.158076 0.160017 0.159436 0.156263 0.150519 0.142314 0.131849 0.119412 0.105375 0.0901804 0.0743346 0.0583901 0.0429318 0.0285588 0.0158674 0.00543173 0.00221402 0.00659289 0.00730118 0.00402248 
0.00308829 0.00640426 0.0102629 0.0149485 0.0206978 0.0276852 0.0360127 0.0457031 0.056697 0.0688536 0.0819549 0.0957138 0.109784 0.123775 0.137263 0.149815 0.160997 0.170401 0.177655 0.182443 0.18452 0.18372 0.179972 0.173303 0.163841 0.151818 0.137563 0.121498 0.104127 0.0860225 0.0678095 0.0501488 0.0337168 0.0191855 0.0072017 0.00163369 0.00678475 0.0077986 0.00432118 
0.00373333 0.00772328 0.0123252 0.0178562 0.0245764 0.0326751 0.0422593 0.0533473 0.0658659 0.0796518 0.094457 0.109957 0.125764 0.14144 0.156516 0.170507 0.182936 0.193349 0.201338 0.206555 0.208733 0.207693 0.203361 0.19577 0.185068 0.171517 0.155485 0.137443 0.117953 0.0976512 0.0772321 0.0574286 0.0389901 0.0226606 0.00915531 0.000861762 0.0067992 0.00815799 0.0045488 
0.00441466 0.00911309 0.0144897 0.0208923 0.0286034 0.0378248 0.0486673 0.0611438 0.0751667 0.0905503 0.107017 0.124206 0.141689 0.158985 0.175577 0.190937 0.204544 0.215903 0.224572 0.230174 0.23242 0.231122 0.226202 0.217703 0.20579 0.190754 0.173002 0.153052 0.131519 0.109101 0.0865579 0.0646898 0.0443152 0.0262454 0.0112597 8.0869e-05 0.00664789 0.00838469 0.00470763 
0.0051214 0.0105519 0.0167231 0.0240117 0.0327203 0.0430622 0.0551502 0.0689907 0.0844817 0.101415 0.119484 0.138294 0.157378 0.176213 0.19424 0.210888 0.225595 0.237831 0.247119 0.253059 0.255343 0.253772 0.248269 0.238884 0.225802 0.209339 0.18994 0.168167 0.144686 0.120252 0.0956849 0.071849 0.0496262 0.0298901 0.0134793 0.00117086 0.00634451 0.00848561 0.00480079 
0.00584195 0.0120163 0.0189899 0.0271664 0.0368662 0.048312 0.0616179 0.0767828 0.0936899 0.112109 0.131707 0.152055 0.172649 0.192929 0.212297 0.230141 0.245863 0.258899 0.268744 0.274975 0.277267 0.275414 0.269338 0.2591 0.2449 0.227082 0.206125 0.18263 0.157314 0.130982 0.10451 0.0788212 0.0548552 0.0335428 0.0157766 0.00238285 0.00590457 0.00846899 0.00483205 
0.0065642 0.0134821 0.0212537 0.0303066 0.0409776 0.053497 0.0679782 0.0844127 0.102668 0.122494 0.14353 0.165318 0.18732 0.208939 0.229541 0.24848 0.265124 0.278879 0.289215 0.295687 0.29796 0.29582 0.28919 0.278139 0.262886 0.243798 0.221385 0.196288 0.169265 0.141171 0.112931 0.0855214 0.0599339 0.0371506 0.0181125 0.00368989 0.00534507 0.00834425 0.00480581 
0.00727574 0.0149246 0.0234767 0.0333819 0.0449904 0.0585385 0.0741381 0.091772 0.111294 0.132432 0.154802 0.177917 0.201208 0.224047 0.245767 0.265691 0.283157 0.297544 0.308302 0.314969 0.317197 0.314768 0.307608 0.295795 0.279564 0.259304 0.235553 0.208988 0.180405 0.150701 0.120847 0.0918649 0.0647935 0.0406598 0.0204469 0.00506379 0.00468422 0.0081218 0.00472699 
0.00796407 0.0163187 0.0256214 0.0363414 0.0488402 0.0633581 0.0800044 0.0987531 0.119443 0.141785 0.16537 0.189686 0.214137 0.238066 0.260777 0.281567 0.299748 0.314677 0.325786 0.332598 0.334758 0.332045 0.324387 0.311871 0.294747 0.273425 0.248469 0.220584 0.190602 0.159456 0.128158 0.0977685 0.0693662 0.0440167 0.0227393 0.00647553 0.00394122 0.00781289 0.00460092 
0.00861683 0.0176396 0.0276505 0.0391347 0.0524632 0.0678783 0.0854856 0.10525 0.126997 0.150418 0.175085 0.200464 0.225933 0.250811 0.274378 0.295907 0.31469 0.330067 0.341453 0.348364 0.350435 0.347446 0.339328 0.326177 0.308257 0.285994 0.259976 0.230935 0.19973 0.167327 0.134769 0.103151 0.0735853 0.0471682 0.024949 0.00789558 0.00313595 0.00742944 0.00443333 
0.00922192 0.0188633 0.0295273 0.0417128 0.0557972 0.0720235 0.0904925 0.11116 0.133837 0.158202 0.183806 0.210095 0.236429 0.262105 0.286383 0.308519 0.327786 0.343513 0.355103 0.362064 0.364029 0.360777 0.352244 0.338534 0.319922 0.296852 0.269929 0.239907 0.20767 0.174206 0.140588 0.107935 0.0773863 0.0500625 0.0270358 0.00929434 0.00228873 0.00698386 0.00423019 
0.00976772 0.0199664 0.0312168 0.0440284 0.0587825 0.0757211 0.0949392 0.116383 0.139853 0.165011 0.191395 0.218433 0.245468 0.271781 0.296619 0.319221 0.338851 0.354827 0.366546 0.373511 0.375355 0.371858 0.362961 0.348775 0.329587 0.305852 0.278193 0.247377 0.214309 0.179996 0.145529 0.112047 0.0807075 0.0526495 0.0289605 0.0106424 0.00142007 0.00648891 0.00399769 
0.0102432 0.0209269 0.0326859 0.0460367 0.0613625 0.0789022 0.0987447 0.120827 0.144939 0.170729 0.197723 0.225337 0.2529 0.279682 0.30492 0.327844 0.347712 0.363835 0.375607 0.382531 0.384242 0.380521 0.371317 0.356746 0.337105 0.312859 0.28464 0.253231 0.219545 0.184604 0.149511 0.115417 0.0834909 0.0548814 0.0306851 0.0119111 0.000550368 0.0059575 0.00374211 
0.0106383 0.0217245 0.0339037 0.0476962 0.0634844 0.0815028 0.101833 0.124404 0.148995 0.175246 0.202671 0.230678 0.258588 0.285664 0.311137 0.334234 0.35421 0.370375 0.382126 0.388966 0.390534 0.386617 0.377168 0.362311 0.342347 0.31775 0.289159 0.257364 0.223283 0.187946 0.152461 0.117982 0.0856824 0.0567135 0.0321736 0.0130726 0.000300318 0.00540253 0.00346978 
0.0109436 0.0223406 0.034842 0.0489688 0.0651001 0.0834643 0.104136 0.127035 0.151933 0.178462 0.20613 0.234339 0.262408 0.289596 0.315134 0.338251 0.358204 0.374308 0.385962 0.392677 0.394096 0.390013 0.380386 0.365346 0.345198 0.320419 0.291651 0.259686 0.225443 0.18995 0.154313 0.119685 0.0872329 0.0581046 0.0333924 0.0141005 0.00111257 0.00483671 0.00318695 
0.0111512 0.022759 0.0354762 0.049821 0.0661667 0.0847345 0.105591 0.128648 0.153671 0.180288 0.208003 0.236216 0.264248 0.291362 0.316792 0.339773 0.359571 0.375507 0.386991 0.393541 0.394809 0.390595 0.380863 0.365749 0.34556 0.320774 0.292031 0.260119 0.225952 0.190551 0.155011 0.120475 0.0880986 0.0590173 0.0343105 0.0149701 0.00186786 0.0042724 0.00289972 
0.011254 0.0229656 0.0357849 0.0502239 0.0666475 0.0852683 0.106144 0.129182 0.154141 0.180647 0.208205 0.236219 0.264015 0.290863 0.316008 0.338696 0.358205 0.37387 0.385111 0.391459 0.392575 0.388269 0.378509 0.363435 0.343354 0.318741 0.290231 0.2586 0.224754 0.189696 0.154506 0.12031 0.0882421 0.059419 0.0349003 0.0156588 0.00254882 0.0037214 0.00261395 
0.0112466 0.0229493 0.035751 0.0501538 0.0665121 0.0850283 0.105753 0.128585 0.153284 0.179475 0.206668 0.234274 0.261629 0.288017 0.312699 0.334936 0.354023 0.369312 0.38024 0.386351 0.38732 0.382963 0.373256 0.35834 0.33852 0.314264 0.286197 0.255081 0.221802 0.187344 0.152762 0.119155 0.0876323 0.059282 0.0351376 0.0161463 0.00313951 0.00319479 0.00233518 
0.011125 0.0227019 0.0353617 0.0495931 0.0657372 0.0839857 0.10438 0.126818 0.151054 0.176721 0.203336 0.230321 0.257029 0.282763 0.306801 0.328429 0.346962 0.361773 0.372319 0.378162 0.378989 0.374627 0.365057 0.35042 0.331017 0.307306 0.279896 0.24953 0.217068 0.183467 0.149751 0.116985 0.0862454 0.0585844 0.0350024 0.0164152 0.00362571 0.00270273 0.00206852 
0.0108868 0.0222185 0.034609 0.0485299 0.0643072 0.0821204 0.102004 0.12385 0.147419 0.172349 0.198169 0.22432 0.250174 0.275056 0.298272 0.319133 0.336981 0.351215 0.361313 0.366858 0.367552 0.363233 0.353888 0.339654 0.320826 0.297849 0.271311 0.241929 0.210535 0.178049 0.145457 0.113785 0.0840652 0.0573099 0.0344791 0.0164512 0.00399515 0.00225431 0.00181858 
0.0105314 0.0214975 0.0334899 0.0469594 0.0622145 0.079422 0.0986087 0.119666 0.14236 0.166338 0.191146 0.216247 0.241038 0.264873 0.287089 0.307028 0.324063 0.337622 0.34721 0.35243 0.353004 0.348779 0.339746 0.326041 0.307947 0.285893 0.260442 0.232281 0.202203 0.171088 0.139878 0.109548 0.0810836 0.055449 0.0335571 0.0162432 0.0042378 0.0018573 0.00158932 
0.0100602 0.0205409 0.0320066 0.0448832 0.0594599 0.0758899 0.0941935 0.114263 0.135872 0.158682 0.182261 0.206097 0.229618 0.252213 0.273253 0.292117 0.308213 0.321003 0.33002 0.334894 0.335361 0.331284 0.322654 0.309604 0.292404 0.271462 0.247311 0.220603 0.192088 0.162597 0.133019 0.104277 0.0773011 0.0529986 0.0322308 0.0157843 0.00434619 0.00151799 0.00138402 
0.00947636 0.019355 0.0301671 0.0423107 0.056053 0.0715337 0.0887676 0.10765 0.127964 0.149391 0.171525 0.193883 0.21593 0.237093 0.256785 0.274425 0.289461 0.301391 0.309782 0.314289 0.314667 0.310791 0.302656 0.290388 0.27424 0.254596 0.231957 0.20693 0.180219 0.152599 0.124902 0.0979893 0.072727 0.0499632 0.0305004 0.0150713 0.00431566 0.00124094 0.00120511 
0.00878539 0.0179498 0.0279854 0.0392584 0.0520126 0.0663738 0.0823525 0.0998492 0.118661 0.138493 0.158967 0.179637 0.200009 0.219553 0.237729 0.254001 0.26786 0.278845 0.286556 0.290678 0.290988 0.28737 0.279821 0.26846 0.253521 0.23536 0.214437 0.191316 0.166644 0.141137 0.11556 0.0907086 0.0673799 0.0463547 0.028372 0.0141059 0.00414476 0.00102875 0.00105404 
0.00799502 0.0163399 0.0254817 0.0357509 0.0473667 0.060441 0.0749818 0.0908976 0.108003 0.12603 0.144634 0.163411 0.181911 0.199656 0.216152 0.230916 0.243486 0.253443 0.260428 0.264151 0.264414 0.261111 0.25424 0.24391 0.230334 0.213834 0.194829 0.17383 0.151425 0.128263 0.105039 0.0824725 0.0612879 0.0421932 0.0258584 0.0128948 0.00383558 0.000881758 0.000931161 
0.00711557 0.0145446 0.0226827 0.0318209 0.0421527 0.0537771 0.0667014 0.0808449 0.0960442 0.112061 0.12859 0.145274 0.161713 0.177481 0.192142 0.205265 0.216439 0.225293 0.231505 0.23482 0.235059 0.232128 0.226027 0.216849 0.204785 0.19012 0.173228 0.154561 0.134641 0.114047 0.0933966 0.073329 0.0544891 0.037507 0.022979 0.0114498 0.00339429 0.000797649 0.000835495 
0.00616018 0.0125885 0.019622 0.0275095 0.0364179 0.0464346 0.0575689 0.0697542 0.0828524 0.0966602 0.110917 0.125314 0.139509 0.153133 0.165808 0.177163 0.186841 0.19452 0.199919 0.202818 0.203059 0.200559 0.195316 0.187409 0.177002 0.16434 0.149746 0.13361 0.116386 0.098572 0.0807043 0.0633378 0.0470317 0.0323333 0.0197611 0.00978919 0.00283165 0.000771011 0.00076448 
0.00514525 0.0105018 0.0163408 0.0228662 0.030219 0.038477 0.0476541 0.0577017 0.0685111 0.0799187 0.0917119 0.103638 0.115413 0.126731 0.13728 0.146747 0.154836 0.161274 0.165826 0.168304 0.168573 0.166561 0.162263 0.155742 0.147131 0.136632 0.124513 0.111099 0.0967669 0.0819332 0.0670459 0.0525698 0.0389742 0.0267186 0.0162399 0.007938 0.0021639 0.000792648 0.000713589 
0.00409118 0.00832127 0.0128881 0.0179496 0.0236225 0.0299779 0.0370381 0.0447762 0.0531172 0.0619414 0.0710894 0.0803677 0.0895569 0.0984191 0.106708 0.114176 0.120588 0.125725 0.129399 0.131454 0.131779 0.130313 0.127044 0.122018 0.115336 0.107153 0.0976766 0.0871626 0.0759073 0.0642406 0.0525174 0.0411076 0.0303855 0.0207192 0.0124593 0.00592908 0.00141373 0.000848615 0.000675745 
0.00302348 0.00609117 0.00932128 0.0128271 0.0167044 0.0210215 0.0258132 0.0310785 0.0367804 0.0428478 0.0491785 0.0556431 0.0620907 0.0683547 0.0742592 0.079626 0.0842817 0.0880649 0.0908323 0.0924655 0.0928761 0.0920103 0.0898522 0.0864262 0.0817977 0.0760726 0.0693961 0.0619487 0.0539426 0.0456159 0.0372265 0.0290446 0.0213455 0.0144012 0.00847321 0.00380433 0.000611913 0.000918704 0.000640334 
0.00197476 0.00386502 0.00570701 0.00757488 0.00954945 0.0117012 0.0140819 0.0167207 0.0196231 0.0227708 0.0261229 0.0296187 0.0331798 0.0367142 0.0401204 0.0432912 0.0461191 0.0485002 0.0503394 0.0515542 0.0520788 0.0518675 0.0508972 0.0491697 0.0467122 0.0435783 0.0398465 0.0356193 0.0310207 0.0261928 0.021292 0.0164851 0.0119441 0.00784163 0.00434589 0.00161628 0.000200583 0.000973976 0.000591393 
0.000988403 0.00170757 0.00212162 0.00227817 0.00225136 0.00211964 0.00195642 0.00182558 0.00177904 0.00185549 0.00207989 0.00246352 0.00300458 0.00368924 0.00449309 0.00538291 0.0063188 0.00725636 0.00814915 0.00895106 0.00961867 0.0101134 0.0104038 0.0104666 0.0102888 0.00986837 0.00921443 0.00834784 0.00730058 0.00611503 0.00484282 0.00354329 0.00228179 0.00112778 0.000152994 0.000570169 0.000969508 0.000972577 0.000503858 
0.000125516 0.000302532 0.00134868 0.00296987 0.00508865 0.00761266 0.0104422 0.0134748 0.0166077 0.0197414 0.0227815 0.0256406 0.0282407 0.0305145 0.0324062 0.0338731 0.0348855 0.035427 0.0354948 0.0350983 0.0342591 0.0330093 0.0313907 0.0294529 0.0272516 0.0248473 0.022303 0.0196827 0.0170495 0.0144641 0.011983 0.00965738 0.00753171 0.00564266 0.00401813 0.00267617 0.00162349 0.000852603 0.000334788 
