0.000329626 0.000719477 0.00128367 0.00213347 0.00335617 0.00500183 0.00707575 0.00953601 0.0122954 0.0152271 0.0181741 0.0209605 0.023405 0.0253346 0.0265985 0.0270806 0.0267101 0.0254692 0.0233979 0.0205945 0.0172136 0.0134591 0.00957516 0.00583319 0.00251793 8.84278e-05 0.00172215 0.00215328 0.00119928 
0.000777576 0.00170991 0.00303174 0.00495994 0.00765816 0.0112132 0.0156219 0.0207873 0.0265231 0.0325666 0.0385964 0.0442565 0.0491826 0.0530298 0.0554996 0.0563651 0.0554909 0.0528492 0.0485274 0.0427304 0.0357743 0.0280735 0.0201211 0.0124636 0.00567278 0.000313279 0.00308867 0.00407616 0.00228913 
0.00138018 0.00302376 0.00529165 0.00850308 0.0128899 0.0185654 0.0255075 0.0335543 0.0424131 0.051679 0.0608634 0.0694294 0.0768312 0.0825554 0.0861611 0.0873162 0.0858279 0.0816642 0.0749663 0.0660502 0.0553972 0.0436342 0.0315034 0.0198256 0.00945641 0.00123901 0.00404313 0.00571217 0.00323703 
0.00214651 0.00466947 0.00805822 0.0127307 0.0189799 0.0269376 0.0365543 0.047597 0.0596611 0.0721977 0.0845509 0.0960054 0.105838 0.113373 0.118034 0.11939 0.117198 0.111426 0.102275 0.0901738 0.0757689 0.0598978 0.0435488 0.0278109 0.0138167 0.00267989 0.00456722 0.00703429 0.00402695 
0.00306863 0.0066259 0.0112886 0.0175688 0.025814 0.036167 0.0485451 0.0626393 0.0779318 0.0937295 0.109213 0.123493 0.135677 0.144933 0.150558 0.152032 0.149065 0.141634 0.129998 0.114701 0.0965524 0.0765948 0.0560548 0.0362806 0.0186707 0.00459822 0.00466739 0.00803381 0.00465249 
0.00412711 0.00885106 0.0149127 0.022912 0.0332444 0.0460573 0.0612302 0.0783756 0.0968625 0.115858 0.134382 0.151383 0.165805 0.176672 0.183164 0.184677 0.180884 0.171774 0.157666 0.139217 0.117393 0.0934354 0.0687974 0.0450731 0.0239135 0.00693572 0.00436744 0.00871469 0.0051138 
0.00529446 0.011288 0.0188398 0.028631 0.0410975 0.0563859 0.074334 0.0944756 0.116069 0.138145 0.159576 0.179152 0.195669 0.208019 0.215271 0.216751 0.212101 0.201323 0.1848 0.163294 0.137924 0.110116 0.0815368 0.054011 0.0294237 0.00961901 0.00370417 0.00909039 0.0054159 
0.00653748 0.0138691 0.0229649 0.034579 0.0491806 0.0669103 0.0875618 0.110591 0.13515 0.160142 0.184299 0.206269 0.22471 0.238395 0.246297 0.24768 0.242161 0.229759 0.210918 0.186503 0.157772 0.126324 0.0940238 0.0629054 0.0350685 0.0125633 0.00272437 0.00918194 0.00556772 
0.00781908 0.0165194 0.0271726 0.0405969 0.0572876 0.0773743 0.100606 0.126362 0.153694 0.18139 0.208051 0.232198 0.252367 0.267225 0.275663 0.276892 0.270512 0.25656 0.23554 0.208411 0.176561 0.141745 0.106004 0.0715608 0.040707 0.0156754 0.00148265 0.00901647 0.00558129 
0.00909973 0.0191591 0.031341 0.0465181 0.0652043 0.0875141 0.11315 0.141422 0.171288 0.201428 0.230333 0.256408 0.278086 0.293942 0.302799 0.303827 0.296613 0.281217 0.258197 0.228598 0.193923 0.156066 0.117222 0.079779 0.0461936 0.0188564 3.96156e-05 0.00862605 0.00547128 
0.0103388 0.0217065 0.0353457 0.0521732 0.0727138 0.0970635 0.12488 0.155407 0.187519 0.219805 0.250655 0.278381 0.301327 0.317995 0.327155 0.327943 0.319943 0.303238 0.278434 0.246654 0.2095 0.168982 0.127428 0.0873632 0.0513814 0.0220039 0.00153989 0.00804666 0.00525439 
0.0114956 0.02408 0.0390626 0.0573934 0.0796012 0.10576 0.135486 0.16796 0.201989 0.23608 0.268545 0.297617 0.321573 0.338858 0.348204 0.348725 0.340007 0.322155 0.295821 0.262191 0.222949 0.180201 0.13638 0.0941212 0.056125 0.0250146 0.00318834 0.00731716 0.0049489 
0.0125307 0.0262005 0.0423713 0.0620153 0.0856583 0.113351 0.144668 0.17874 0.214314 0.249835 0.283553 0.313644 0.338337 0.356039 0.365455 0.365694 0.356345 0.337536 0.309957 0.274847 0.233952 0.18945 0.143851 0.0998699 0.0602836 0.0277862 0.00483721 0.00647828 0.0045742 
0.013407 0.027993 0.0451577 0.0658843 0.0906888 0.119596 0.152146 0.187426 0.224137 0.26068 0.295264 0.326028 0.351172 0.369084 0.378461 0.378411 0.368536 0.348986 0.32048 0.284294 0.242218 0.196478 0.149631 0.104439 0.063724 0.03022 0.00641849 0.00557163 0.00415023 
0.0140905 0.0293891 0.0473176 0.0688586 0.094512 0.124277 0.157662 0.193724 0.231132 0.268262 0.303301 0.334375 0.359675 0.37759 0.386822 0.38649 0.376212 0.356158 0.327069 0.290242 0.247491 0.201061 0.15353 0.107672 0.0663231 0.0322229 0.0078664 0.00463863 0.00369706 
0.0145512 0.0303283 0.0487585 0.0708122 0.0969674 0.127198 0.160988 0.197373 0.235011 0.272268 0.307335 0.338343 0.363499 0.381209 0.390196 0.389599 0.379058 0.358758 0.329452 0.292446 0.249552 0.203011 0.155385 0.109435 0.0679712 0.0337097 0.0091189 0.00371949 0.00323428 
0.0147644 0.0307603 0.0494028 0.0716385 0.0979184 0.128192 0.161928 0.198153 0.235529 0.272437 0.307088 0.337648 0.362356 0.379655 0.388303 0.387471 0.376821 0.356551 0.327415 0.290711 0.248228 0.202172 0.155065 0.109613 0.0685741 0.0346051 0.0101194 0.00285213 0.00278056 
0.0147114 0.0306463 0.0491898 0.0712532 0.0972562 0.127127 0.160325 0.195885 0.23249 0.268557 0.302343 0.332066 0.356022 0.37271 0.380934 0.379907 0.369314 0.349362 0.3208 0.284893 0.243389 0.198431 0.152467 0.108119 0.0680559 0.034846 0.0108181 0.00207112 0.00235307 
0.0143799 0.0299606 0.048078 0.069597 0.0949023 0.123904 0.156064 0.190439 0.225752 0.260478 0.292943 0.321441 0.344345 0.360226 0.367951 0.366778 0.35642 0.337089 0.309511 0.274908 0.234958 0.191718 0.147526 0.104892 0.0663616 0.0343831 0.0111739 0.0014066 0.00196692 
0.0137653 0.0286919 0.0460469 0.0666379 0.090812 0.118466 0.149075 0.181735 0.215229 0.248111 0.2788 0.305689 0.327247 0.342134 0.349293 0.348035 0.338099 0.319696 0.29352 0.26073 0.222912 0.182006 0.140216 0.0999027 0.0634586 0.0331833 0.0111558 0.000883133 0.00163463 
0.0128713 0.026845 0.0430992 0.0623734 0.0849759 0.110797 0.139337 0.169747 0.200894 0.231431 0.259895 0.284797 0.304725 0.318442 0.324978 0.323702 0.314381 0.29722 0.272865 0.242395 0.207281 0.169319 0.130549 0.0931527 0.0593395 0.0312312 0.0107445 0.000518489 0.00136546 
0.0117106 0.0244421 0.0392619 0.0568322 0.0774224 0.100924 0.126877 0.154506 0.182781 0.210482 0.23628 0.258829 0.276853 0.289236 0.295102 0.293884 0.285378 0.26977 0.247651 0.220001 0.18815 0.153728 0.11858 0.0846787 0.0540234 0.0285315 0.0099343 0.000322352 0.00116473 
0.0103061 0.0215239 0.0345883 0.0500755 0.0682182 0.0889194 0.111773 0.136099 0.160989 0.185371 0.208078 0.227923 0.243785 0.254681 0.25984 0.258765 0.251273 0.23753 0.218054 0.193708 0.165664 0.135354 0.104405 0.0745529 0.0475583 0.0251105 0.00873487 0.00029473 0.001033 
0.00869171 0.0181514 0.0291589 0.0421979 0.0574696 0.0749 0.0941548 0.114667 0.135675 0.156275 0.175482 0.19229 0.205748 0.21502 0.219447 0.218602 0.212325 0.20075 0.184312 0.163738 0.140019 0.114369 0.0881649 0.062884 0.0400224 0.0210187 0.00717372 0.00042399 0.000964903 
0.00691442 0.0144082 0.0230831 0.0333284 0.0453219 0.0590274 0.0742009 0.0904087 0.107058 0.123435 0.138756 0.152215 0.163046 0.170571 0.17425 0.173728 0.168863 0.159751 0.146729 0.130372 0.111468 0.0909888 0.0700426 0.0498183 0.0315262 0.0163332 0.00529913 0.00068416 0.000947563 
0.00503694 0.0104023 0.0165004 0.0236299 0.0319589 0.0415065 0.0521384 0.0635758 0.0754144 0.0871528 0.098227 0.10805 0.116051 0.121721 0.124645 0.124541 0.121282 0.114915 0.105667 0.0939428 0.0803115 0.0654801 0.0502629 0.0355401 0.022214 0.0111609 0.00318411 0.00103094 0.000958028 
0.00314236 0.0062702 0.00958122 0.0132989 0.0176014 0.0225831 0.0282402 0.0344694 0.0410761 0.04779 0.0542861 0.0602087 0.0651992 0.0689227 0.0710949 0.0715053 0.0700372 0.0666806 0.0615405 0.0548371 0.0468991 0.0381505 0.0290909 0.0202711 0.0122655 0.00564177 0.000931873 0.00139538 0.000958638 
0.00134275 0.00218113 0.00252761 0.00256398 0.00250438 0.0025411 0.00282143 0.00343776 0.00442478 0.00576177 0.0073788 0.00916623 0.0109865 0.0126878 0.0141178 0.0151381 0.0156366 0.0155384 0.0148139 0.0134838 0.0116207 0.00934688 0.00682887 0.00426939 0.00189671 4.69552e-05 0.00131665 0.00167342 0.000887685 
0.000204463 0.00165758 0.00442738 0.00831721 0.013046 0.0183015 0.023765 0.0291293 0.0341125 0.0384689 0.0419985 0.0445531 0.0460398 0.046422 0.0457176 0.0439948 0.041366 0.0379793 0.0340101 0.0296502 0.0250984 0.0205501 0.0161879 0.0121737 0.00864066 0.00568785 0.00337366 0.00170831 0.00063788 
