0.000186076 0.000385185 0.000629627 0.000955073 0.00139538 0.0019791 0.00272698 0.00365037 0.00475015 0.0060164 0.00742859 0.0089563 0.0105603 0.0121944 0.0138068 0.0153428 0.0167469 0.017965 0.018947 0.0196491 0.0200354 0.0200802 0.0197694 0.0191014 0.0180877 0.0167534 0.0151366 0.0132879 0.0112689 0.00915113 0.00701344 0.00494019 0.00301861 0.00133611 2.23554e-05 0.000977016 0.00145582 0.00139677 0.000749928 
0.000412743 0.00086299 0.00141859 0.00215068 0.00312517 0.00439648 0.00600303 0.00796416 0.0102783 0.0129223 0.015852 0.0190039 0.0222971 0.0256372 0.0289192 0.0320327 0.0348661 0.0373111 0.039268 0.0406495 0.0413854 0.0414256 0.0407434 0.0393374 0.0372327 0.0344812 0.0311612 0.0273756 0.0232497 0.0189276 0.0145686 0.0103424 0.00642432 0.00298969 0.000208592 0.00175954 0.00277106 0.00270284 0.00145641 
0.000696716 0.00146077 0.00239861 0.0036173 0.00521369 0.0072661 0.00982811 0.0129243 0.0165478 0.0206598 0.0251902 0.03004 0.0350852 0.0401817 0.0451707 0.0498856 0.0541585 0.0578277 0.0607442 0.0627788 0.0638277 0.0638182 0.0627125 0.0605108 0.0572534 0.0530207 0.0479323 0.0421447 0.0358476 0.0292587 0.022618 0.016181 0.0102106 0.00497001 0.000713738 0.00231994 0.00391688 0.00389413 0.00210624 
0.00104599 0.00219155 0.00358381 0.00536611 0.00766538 0.0105822 0.0141831 0.0184958 0.0235059 0.0291567 0.0353502 0.0419509 0.0487903 0.055674 0.0623892 0.0687131 0.0744224 0.0793024 0.0831562 0.0858138 0.0871395 0.0870391 0.0854653 0.0824215 0.0779643 0.0722036 0.0653012 0.0574677 0.0489574 0.0400616 0.0311009 0.0224154 0.0143554 0.00727047 0.00149839 0.00264516 0.00487705 0.00495611 0.00269148 
0.00146289 0.00305834 0.00497535 0.00739348 0.0104689 0.0143228 0.0190331 0.0246284 0.0310853 0.0383273 0.0462274 0.0546124 0.0632691 0.0719526 0.0803963 0.088322 0.0954518 0.101519 0.106282 0.109529 0.111095 0.110867 0.108788 0.104866 0.0991754 0.0918562 0.0831126 0.0732093 0.0624649 0.0512436 0.0399452 0.0289937 0.0188248 0.00987268 0.00255665 0.0027322 0.0056437 0.0058803 0.00320742 
0.0019458 0.00405689 0.00656456 0.00968425 0.0136002 0.0184529 0.0243298 0.031259 0.0392062 0.0480743 0.0577063 0.0678907 0.0783697 0.0888484 0.099007 0.108513 0.117036 0.124259 0.129894 0.133695 0.135466 0.135076 0.132461 0.127636 0.120692 0.111799 0.101205 0.0892274 0.0762484 0.0627036 0.0490705 0.0358549 0.0235757 0.0127494 0.00387433 0.00258543 0.00621497 0.00666248 0.00365147 
0.00249013 0.00517739 0.00833523 0.0122141 0.0170252 0.0229267 0.0300141 0.0383135 0.0477785 0.0582904 0.0696618 0.0816433 0.0939323 0.106185 0.11803 0.129082 0.138959 0.147297 0.153764 0.158079 0.16002 0.159438 0.156265 0.15052 0.142315 0.131849 0.119412 0.105374 0.0901798 0.0743338 0.0583892 0.0429308 0.0285579 0.0158665 0.00543086 0.00221477 0.00659348 0.00730159 0.00402269 
0.0030891 0.00640586 0.0102652 0.0149516 0.0207016 0.0276895 0.0360176 0.0457084 0.0567026 0.0688594 0.0819609 0.0957198 0.10979 0.12378 0.137269 0.14982 0.161002 0.170405 0.177659 0.182446 0.184522 0.183722 0.179974 0.173304 0.163842 0.151818 0.137563 0.121498 0.104126 0.0860215 0.0678083 0.0501475 0.0337156 0.0191844 0.00720066 0.00163458 0.00678545 0.00779909 0.00432143 
0.00373419 0.00772497 0.0123277 0.0178594 0.0245804 0.0326797 0.0422644 0.0533528 0.0658717 0.0796579 0.0944632 0.109963 0.12577 0.141446 0.156521 0.170512 0.18294 0.193353 0.201341 0.206559 0.208736 0.207695 0.203362 0.195771 0.185069 0.171517 0.155484 0.137442 0.117952 0.0976499 0.0772307 0.0574271 0.0389887 0.0226593 0.00915408 0.000862802 0.00680002 0.00815855 0.00454908 
0.00441555 0.00911484 0.0144923 0.0208957 0.0286074 0.0378295 0.0486726 0.0611495 0.0751727 0.0905565 0.107023 0.124212 0.141695 0.15899 0.175583 0.190943 0.204549 0.215907 0.224575 0.230177 0.232422 0.231123 0.226203 0.217703 0.20579 0.190754 0.173001 0.153051 0.131518 0.1091 0.0865562 0.0646881 0.0443135 0.0262438 0.0112583 7.96823e-05 0.00664881 0.00838533 0.00470795 
0.00512231 0.0105537 0.0167257 0.0240152 0.0327245 0.043067 0.0551555 0.0689965 0.0844878 0.101421 0.119491 0.138301 0.157384 0.176219 0.194246 0.210893 0.2256 0.237835 0.247122 0.253062 0.255345 0.253774 0.24827 0.238884 0.225802 0.209338 0.189939 0.168165 0.144684 0.12025 0.0956828 0.071847 0.0496242 0.0298883 0.0134777 0.00116952 0.00634554 0.00848632 0.00480114 
0.00584288 0.0120181 0.0189926 0.0271699 0.0368704 0.0483169 0.0616233 0.0767887 0.093696 0.112116 0.131713 0.152061 0.172655 0.192935 0.212302 0.230146 0.245868 0.258903 0.268747 0.274977 0.277269 0.275415 0.269339 0.2591 0.244899 0.227081 0.206123 0.182629 0.157312 0.130979 0.104508 0.078819 0.0548531 0.0335408 0.0157748 0.00238138 0.00590571 0.00846977 0.00483244 
0.00656513 0.013484 0.0212564 0.0303101 0.0409819 0.0535018 0.0679836 0.0844184 0.102674 0.122501 0.143537 0.165324 0.187326 0.208944 0.229546 0.248485 0.265128 0.278882 0.289217 0.295689 0.297962 0.295821 0.28919 0.278138 0.262885 0.243796 0.221383 0.196286 0.169263 0.141168 0.112929 0.0855189 0.0599315 0.0371484 0.0181105 0.00368828 0.00534631 0.00834509 0.00480624 
0.00727666 0.0149264 0.0234794 0.0333854 0.0449946 0.0585433 0.0741434 0.0917777 0.1113 0.132438 0.154808 0.177923 0.201214 0.224053 0.245772 0.265696 0.283161 0.297548 0.308304 0.314971 0.317198 0.314769 0.307608 0.295794 0.279562 0.259302 0.235551 0.208986 0.180402 0.150698 0.120844 0.0918621 0.0647909 0.0406574 0.0204448 0.00506205 0.00468556 0.00812271 0.00472744 
0.00796498 0.0163205 0.0256241 0.0363448 0.0488443 0.0633628 0.0800096 0.0987587 0.119449 0.141791 0.165375 0.189691 0.214142 0.238071 0.260782 0.281571 0.299751 0.31468 0.325788 0.3326 0.334759 0.332045 0.324386 0.31187 0.294745 0.273423 0.248466 0.220581 0.190599 0.159453 0.128155 0.0977655 0.0693634 0.0440141 0.0227371 0.00647367 0.00394264 0.00781386 0.00460141 
0.00861772 0.0176414 0.027653 0.0391381 0.0524672 0.0678829 0.0854907 0.105255 0.127002 0.150424 0.175091 0.200469 0.225938 0.250815 0.274382 0.295911 0.314693 0.330069 0.341455 0.348365 0.350436 0.347446 0.339327 0.326176 0.308254 0.285991 0.259973 0.230932 0.199727 0.167323 0.134766 0.103148 0.0735822 0.0471655 0.0249466 0.00789363 0.00313745 0.00743045 0.00443384 
0.00922278 0.018865 0.0295298 0.041716 0.0558011 0.0720279 0.0904973 0.111165 0.133843 0.158207 0.183811 0.210101 0.236434 0.262109 0.286387 0.308522 0.327789 0.343515 0.355104 0.362065 0.364029 0.360776 0.352243 0.338532 0.31992 0.296849 0.269926 0.239904 0.207666 0.174203 0.140584 0.107932 0.0773831 0.0500596 0.0270333 0.00929229 0.0022903 0.00698492 0.00423072 
0.00976855 0.019968 0.0312192 0.0440315 0.0587862 0.0757253 0.0949439 0.116388 0.139858 0.165017 0.1914 0.218438 0.245472 0.271785 0.296622 0.319223 0.338854 0.354829 0.366547 0.373511 0.375355 0.371857 0.362959 0.348773 0.329584 0.305849 0.278189 0.247374 0.214305 0.179992 0.145525 0.112043 0.0807042 0.0526465 0.0289579 0.0106403 0.0014217 0.00649001 0.00399823 
0.010244 0.0209285 0.0326882 0.0460397 0.061366 0.0789062 0.0987491 0.120832 0.144943 0.170734 0.197728 0.225341 0.252904 0.279686 0.304923 0.327847 0.347714 0.363836 0.375607 0.382531 0.384241 0.38052 0.371314 0.356744 0.337102 0.312855 0.284636 0.253227 0.21954 0.1846 0.149507 0.115413 0.0834874 0.0548783 0.0306824 0.0119089 0.000552046 0.00595862 0.00374268 
0.010639 0.021726 0.0339058 0.047699 0.0634877 0.0815066 0.101837 0.124409 0.149 0.17525 0.202675 0.230682 0.258592 0.285667 0.31114 0.334236 0.354211 0.370376 0.382126 0.388966 0.390533 0.386615 0.377165 0.362307 0.342343 0.317746 0.289155 0.257359 0.223279 0.187942 0.152456 0.117978 0.0856788 0.0567103 0.0321709 0.0130703 0.000298604 0.00540368 0.00347036 
0.0109443 0.022342 0.0348441 0.0489714 0.0651032 0.0834678 0.10414 0.127039 0.151937 0.178466 0.206134 0.234343 0.262411 0.289599 0.315136 0.338253 0.358205 0.374308 0.385961 0.392675 0.394094 0.39001 0.380383 0.365342 0.345194 0.320415 0.291647 0.259681 0.225438 0.189946 0.154309 0.119681 0.0872292 0.0581013 0.0333896 0.0140982 0.00111083 0.00483788 0.00318753 
0.0111518 0.0227602 0.0354781 0.0498234 0.0661696 0.0847378 0.105594 0.128652 0.153675 0.180292 0.208006 0.236219 0.264251 0.291364 0.316793 0.339774 0.359571 0.375507 0.38699 0.393539 0.394806 0.390592 0.38086 0.365745 0.345556 0.320769 0.292027 0.260114 0.225948 0.190546 0.155006 0.120471 0.0880949 0.059014 0.0343077 0.0149678 0.00186611 0.00427358 0.0029003 
0.0112546 0.0229667 0.0357866 0.0502261 0.0666502 0.0852713 0.106148 0.129185 0.154144 0.18065 0.208208 0.236222 0.264017 0.290864 0.316009 0.338697 0.358205 0.373869 0.385109 0.391457 0.392572 0.388266 0.378506 0.363431 0.34335 0.318737 0.290226 0.258596 0.224749 0.189691 0.154502 0.120305 0.0882384 0.0594156 0.0348975 0.0156565 0.00254707 0.00372257 0.00261453 
0.0112471 0.0229504 0.0357526 0.0501559 0.0665145 0.085031 0.105755 0.128588 0.153287 0.179478 0.20667 0.234276 0.261631 0.288019 0.312699 0.334936 0.354023 0.369311 0.380238 0.386349 0.387317 0.382959 0.373253 0.358336 0.338515 0.31426 0.286192 0.255076 0.221797 0.187339 0.152757 0.119151 0.0876286 0.0592787 0.0351348 0.016144 0.00313778 0.00319595 0.00233576 
0.0111255 0.0227029 0.0353632 0.0495949 0.0657394 0.0839881 0.104383 0.12682 0.151057 0.176724 0.203338 0.230323 0.257031 0.282764 0.306801 0.328429 0.346961 0.361772 0.372317 0.378159 0.378985 0.374623 0.365053 0.350416 0.331012 0.307302 0.279891 0.249525 0.217063 0.183462 0.149746 0.116981 0.0862417 0.0585811 0.0349996 0.016413 0.003624 0.00270388 0.00206909 
0.0108872 0.0222194 0.0346104 0.0485316 0.0643091 0.0821225 0.102006 0.123852 0.147422 0.172351 0.198171 0.224322 0.250174 0.275056 0.298272 0.319132 0.33698 0.351213 0.361311 0.366855 0.367549 0.363229 0.353883 0.339649 0.320821 0.297844 0.271306 0.241924 0.21053 0.178044 0.145453 0.113781 0.0840615 0.0573067 0.0344764 0.016449 0.00399348 0.00225542 0.00181913 
0.0105318 0.0214983 0.033491 0.0469608 0.0622162 0.0794238 0.0986106 0.119668 0.142362 0.166339 0.191148 0.216248 0.241038 0.264873 0.287089 0.307027 0.324061 0.337619 0.347207 0.352427 0.353 0.348775 0.339742 0.326036 0.307943 0.285888 0.260437 0.232276 0.202199 0.171084 0.139873 0.109544 0.08108 0.0554458 0.0335545 0.0162411 0.00423619 0.00185838 0.00158986 
0.0100606 0.0205417 0.0320076 0.0448845 0.0594614 0.0758914 0.0941951 0.114265 0.135873 0.158683 0.182262 0.206097 0.229618 0.252212 0.273252 0.292115 0.308211 0.321 0.330018 0.334891 0.335358 0.331279 0.322649 0.309599 0.292399 0.271457 0.247306 0.220598 0.192083 0.162592 0.133015 0.104274 0.0772977 0.0529956 0.0322283 0.0157822 0.00434464 0.00151902 0.00138453 
0.00947668 0.0193556 0.030168 0.0423118 0.0560543 0.0715351 0.0887689 0.107651 0.127965 0.149392 0.171525 0.193883 0.215929 0.237092 0.256784 0.274423 0.289459 0.301389 0.309779 0.314285 0.314664 0.310787 0.302652 0.290383 0.274236 0.254592 0.231952 0.206925 0.180214 0.152595 0.124898 0.0979856 0.0727237 0.0499603 0.030498 0.0150693 0.00431419 0.00124192 0.00120559 
0.00878566 0.0179503 0.0279862 0.0392593 0.0520137 0.0663749 0.0823536 0.0998502 0.118662 0.138494 0.158967 0.179637 0.200008 0.219553 0.237728 0.253999 0.267858 0.278842 0.286553 0.290675 0.290984 0.287366 0.279817 0.268455 0.253517 0.235355 0.214433 0.191311 0.166639 0.141133 0.115557 0.0907051 0.0673768 0.046352 0.0283697 0.0141041 0.00414337 0.00102967 0.00105449 
0.00799526 0.0163403 0.0254824 0.0357517 0.0473675 0.0604419 0.0749827 0.0908983 0.108004 0.12603 0.144634 0.163411 0.181911 0.199655 0.216151 0.230914 0.243484 0.253441 0.260424 0.264148 0.26441 0.261107 0.254236 0.243905 0.23033 0.213829 0.194825 0.173826 0.151421 0.128259 0.105035 0.0824692 0.061285 0.0421907 0.0258562 0.012893 0.0038343 0.00088261 0.000931583 
0.00711577 0.014545 0.0226832 0.0318215 0.0421534 0.0537778 0.066702 0.0808454 0.0960445 0.112061 0.12859 0.145274 0.161712 0.17748 0.192141 0.205263 0.216437 0.22529 0.231502 0.234816 0.235055 0.232124 0.226023 0.216845 0.204781 0.190116 0.173224 0.154557 0.134637 0.114044 0.0933933 0.073326 0.0544865 0.0375047 0.0229771 0.0114482 0.00339311 0.000798427 0.000835881 
0.00616034 0.0125888 0.0196225 0.02751 0.0364184 0.0464352 0.0575694 0.0697545 0.0828526 0.0966601 0.110917 0.125314 0.139508 0.153131 0.165807 0.177161 0.186839 0.194517 0.199917 0.202815 0.203056 0.200556 0.195312 0.187405 0.176998 0.164336 0.149742 0.133607 0.116382 0.0985687 0.0807013 0.063335 0.0470293 0.0323312 0.0197594 0.00978778 0.0028306 0.000771708 0.000764825 
0.00514538 0.0105021 0.0163412 0.0228666 0.0302194 0.0384774 0.0476544 0.0577019 0.0685111 0.0799185 0.0917115 0.103637 0.115412 0.12673 0.137279 0.146746 0.154834 0.161271 0.165823 0.168301 0.16857 0.166558 0.16226 0.155738 0.147127 0.136629 0.12451 0.111096 0.0967638 0.0819303 0.0670433 0.0525674 0.038972 0.0267168 0.0162383 0.00793677 0.00216297 0.000793258 0.000713891 
0.00409129 0.00832147 0.0128884 0.0179499 0.0236229 0.0299782 0.0370383 0.0447762 0.0531171 0.0619411 0.0710888 0.080367 0.0895558 0.0984178 0.106706 0.114174 0.120586 0.125723 0.129396 0.131451 0.131776 0.13031 0.127041 0.122015 0.115333 0.10715 0.0976737 0.0871598 0.0759046 0.0642381 0.0525151 0.0411056 0.0303837 0.0207176 0.012458 0.00592803 0.00141295 0.000849132 0.000676 
0.00302356 0.00609132 0.00932148 0.0128273 0.0167046 0.0210216 0.0258133 0.0310784 0.0367802 0.0428475 0.0491779 0.0556423 0.0620897 0.0683535 0.0742578 0.0796244 0.0842799 0.0880629 0.0908301 0.0924632 0.0928737 0.0920078 0.0898497 0.0864237 0.0817951 0.0760701 0.0693936 0.0619463 0.0539404 0.0456139 0.0372246 0.0290429 0.021344 0.0143999 0.00847214 0.00380347 0.000611277 0.000919124 0.000640541 
0.00197482 0.00386512 0.00570715 0.00757503 0.00954959 0.0117013 0.0140819 0.0167206 0.0196229 0.0227704 0.0261225 0.029618 0.033179 0.0367132 0.0401192 0.0432899 0.0461176 0.0484986 0.0503377 0.0515523 0.0520769 0.0518655 0.0508952 0.0491677 0.0467102 0.0435763 0.0398446 0.0356175 0.031019 0.0261912 0.0212906 0.0164838 0.011943 0.00784065 0.00434507 0.00161563 0.000201066 0.000974295 0.00059155 
0.00098844 0.00170764 0.0021217 0.00227826 0.00225143 0.00211967 0.00195641 0.00182549 0.00177887 0.00185522 0.00207951 0.00246302 0.00300397 0.00368851 0.00449224 0.00538196 0.00631774 0.00725521 0.00814792 0.00894976 0.00961732 0.0101121 0.0104024 0.0104652 0.0102875 0.00986701 0.00921313 0.0083466 0.00729941 0.00611395 0.00484183 0.0035424 0.00228101 0.00112712 0.000152442 0.000570608 0.000969833 0.000972792 0.000503964 
0.000125534 0.0003025 0.00134864 0.00296984 0.00508863 0.00761265 0.0104423 0.0134748 0.0166078 0.0197416 0.0227817 0.0256409 0.0282411 0.0305149 0.0324067 0.0338736 0.034886 0.0354277 0.0354954 0.035099 0.0342598 0.03301 0.0313915 0.0294536 0.0272523 0.024848 0.0223037 0.0196834 0.0170501 0.0144646 0.0119835 0.00965783 0.0075321 0.005643 0.00401841 0.00267639 0.00162365 0.00085271 0.000334841 
