0.000779988 0.00198805 0.00423655 0.00793011 0.0131287 0.0195083 0.0264042 0.0329202 0.0380824 0.0410123 0.0410904 0.0380868 0.0322366 0.0242491 0.015247 0.00664184 3.67993e-05 0.00333819 0.00208524 
0.00207567 0.00515562 0.0104474 0.0186773 0.0298667 0.0432793 0.0575218 0.0707696 0.0810745 0.0867057 0.0864708 0.0799658 0.0677172 0.0511912 0.0326656 0.0149779 0.00118205 0.00584292 0.00377976 
0.00394815 0.00951368 0.0184771 0.0318238 0.0494697 0.0702164 0.0919215 0.111841 0.127089 0.135134 0.134268 0.123964 0.105074 0.07983 0.0516493 0.0247547 0.00366562 0.00737888 0.00498859 
0.00632729 0.0148703 0.0279416 0.0467289 0.0709952 0.0990604 0.128046 0.154335 0.174169 0.184291 0.182546 0.168329 0.142832 0.109032 0.0714278 0.0355403 0.00724963 0.00795253 0.00569727 
0.00906757 0.0209067 0.0383043 0.0625934 0.093352 0.128423 0.164235 0.196372 0.220295 0.23212 0.229318 0.211249 0.179444 0.137575 0.0911268 0.046791 0.0116632 0.00765537 0.00593689 
0.0119789 0.0272261 0.0489303 0.0785142 0.115351 0.156831 0.19876 0.236024 0.263423 0.276551 0.272588 0.250901 0.213339 0.164196 0.109816 0.0578968 0.0165675 0.00663554 0.00576847 
0.0148475 0.0333894 0.0591325 0.0935348 0.135757 0.182782 0.229884 0.271378 0.301535 0.315551 0.310405 0.285499 0.242972 0.187641 0.126554 0.0682171 0.0215827 0.00507978 0.00527369 
0.0174525 0.0389457 0.0682118 0.106693 0.153342 0.204799 0.25592 0.300589 0.332703 0.347193 0.340922 0.313357 0.266881 0.206712 0.140425 0.0771132 0.0263117 0.00319887 0.00454774 
0.0195804 0.0434594 0.0754952 0.117068 0.166941 0.221493 0.275291 0.321952 0.355162 0.369721 0.362468 0.332951 0.283739 0.220318 0.150585 0.0839788 0.0303616 0.00121425 0.00369277 
0.0210388 0.0465362 0.080372 0.123825 0.175502 0.231617 0.286598 0.333968 0.367369 0.381615 0.373604 0.342976 0.292411 0.227515 0.156293 0.0882696 0.0333647 0.000655267 0.00281147 
0.0216688 0.0478467 0.0823277 0.126258 0.178136 0.234124 0.288675 0.335398 0.36807 0.381653 0.373184 0.342396 0.292 0.227557 0.156952 0.0895314 0.0349992 0.00220675 0.00200056 
0.0213564 0.0471482 0.080974 0.123828 0.174161 0.228216 0.280641 0.325323 0.356346 0.368959 0.360403 0.330497 0.281889 0.219923 0.152135 0.0874258 0.035009 0.00326654 0.00134409 
0.0200438 0.0443047 0.076076 0.116192 0.163137 0.213379 0.261942 0.303182 0.331664 0.343046 0.334835 0.306916 0.26177 0.204353 0.141617 0.0817538 0.0332227 0.00370382 0.00090658 
0.0177395 0.0393045 0.0675745 0.103233 0.144898 0.189416 0.23238 0.268803 0.293894 0.303838 0.296455 0.271663 0.231673 0.180869 0.125394 0.0724761 0.0295722 0.0034447 0.000725497 
0.014529 0.0322754 0.0556029 0.0850768 0.119564 0.156466 0.192131 0.222416 0.243331 0.251687 0.245651 0.225137 0.191968 0.149784 0.103697 0.0597309 0.0241107 0.00248792 0.000802435 
0.0105874 0.0234992 0.0404989 0.0620975 0.0875547 0.115005 0.141746 0.164656 0.180685 0.187359 0.183215 0.16811 0.143366 0.111706 0.0770002 0.0438482 0.0170321 0.000923918 0.00109128 
0.00619627 0.0134248 0.0228099 0.0349211 0.0495794 0.0658415 0.0821408 0.0965423 0.107064 0.112018 0.110318 0.101712 0.0868998 0.0675241 0.0460217 0.0253608 0.00869252 0.00103889 0.00147942 
0.00177271 0.00268057 0.00328974 0.00441228 0.0066233 0.0100923 0.0145672 0.019451 0.0239377 0.0271819 0.0284728 0.0273855 0.0238886 0.0183893 0.0117119 0.00501114 0.000363967 0.00303425 0.00175245 
0.00207807 0.00791509 0.0171135 0.0283475 0.0400812 0.0508486 0.059424 0.0649336 0.0669157 0.0653312 0.0605272 0.0531628 0.0441082 0.0343288 0.0247699 0.0162507 0.00937759 0.00447468 0.00151622 
