2.98806e-05 6.17264e-05 9.51996e-05 0.000129919 0.000165465 0.000201383 0.000237192 0.000272388 0.000306456 0.000338877 0.000369137 0.000396735 0.000421191 0.000442061 0.000458935 0.000471453 0.000479308 0.000482249 0.00048009 0.000472707 0.000460044 0.000442108 0.000418971 0.000390765 0.000357677 0.000319942 0.000277837 0.000231673 0.000181787 0.000128528 7.22516e-05 1.33098e-05 4.79617e-05 0.000111251 0.000176278 0.000242807 0.000310648 0.000379667 0.000449791 
6.00219e-05 0.000123959 0.000191135 0.000260788 0.000332078 0.000404098 0.000475883 0.000546429 0.000614707 0.000679679 0.000740316 0.000795618 0.00084463 0.000886458 0.000920289 0.000945402 0.000961182 0.00096713 0.000962872 0.000948164 0.00092289 0.000887069 0.000840844 0.000784477 0.000718343 0.000642913 0.000558741 0.000466449 0.000366708 0.00026022 0.000147695 2.9836e-05 9.26848e-05 0.000219243 0.00034928 0.00048232 0.000617984 0.000756004 0.00089623 
9.06853e-05 0.000187205 0.000288544 0.00039356 0.000500992 0.00060948 0.00071758 0.000823787 0.000926559 0.00102434 0.00111559 0.00119882 0.00127258 0.00133555 0.0013865 0.00142436 0.00144821 0.00145729 0.00145106 0.00142914 0.00139136 0.00133776 0.00126854 0.0011841 0.001085 0.000971954 0.000845788 0.000707435 0.000557903 0.000398243 0.000229522 5.2792e-05 0.000130936 0.000320726 0.000515738 0.000715257 0.000918713 0.0011257 0.00133598 
0.000122134 0.000251976 0.000388172 0.000529197 0.000673371 0.000818883 0.000963808 0.00110615 0.00124384 0.00137483 0.00149705 0.00160852 0.00170734 0.00179172 0.00186005 0.00191089 0.00194301 0.00195543 0.0019474 0.00191844 0.00186832 0.00179708 0.001705 0.00159262 0.00146068 0.00131013 0.00114207 0.000957756 0.00075852 0.000545767 0.000320921 8.53842e-05 0.000159495 0.000412466 0.000672408 0.000938363 0.00120957 0.00148547 0.00176576 
0.000154634 0.00031879 0.000490771 0.000668672 0.000850395 0.00103368 0.00121612 0.00139522 0.00156841 0.00173313 0.00188682 0.00202699 0.00215126 0.00225743 0.00234347 0.0024076 0.00244829 0.0024643 0.00245472 0.00241894 0.00235668 0.00226799 0.00215324 0.00201308 0.00184845 0.00166053 0.00145072 0.00122055 0.000971718 0.000705968 0.00042508 0.000130809 0.000175157 0.000491254 0.000816076 0.00114842 0.00148732 0.00183209 0.00218232 
0.000188454 0.000388169 0.000597106 0.000812977 0.00103326 0.00125526 0.00147608 0.00169275 0.00190219 0.00210132 0.00228708 0.00245651 0.00260676 0.00273519 0.00283938 0.00291719 0.0029668 0.00298674 0.00297591 0.00293359 0.00285944 0.00275354 0.00261632 0.00244857 0.00225143 0.00202631 0.00177488 0.00149899 0.00120068 0.000882027 0.000545182 0.000192251 0.000174742 0.000553913 0.00094357 0.00134226 0.00174883 0.00216241 0.00258252 
0.000223868 0.000460647 0.000707955 0.000963119 0.00122321 0.00148506 0.00174533 0.00200054 0.00224713 0.0024815 0.0027001 0.00289948 0.00307635 0.00322761 0.00335048 0.00344245 0.00350143 0.0035257 0.00351398 0.00346543 0.0033797 0.00325685 0.0030974 0.00290228 0.00267282 0.00241066 0.00211776 0.00179628 0.00144859 0.00107714 0.00068441 0.000272877 0.000155096 0.000597306 0.00105177 0.00151679 0.00199099 0.00247335 0.00296328 
0.000261153 0.000536767 0.000824113 0.00112013 0.00142148 0.00172455 0.00202553 0.00232045 0.00260526 0.00287586 0.00312822 0.00335839 0.00356263 0.00373743 0.0038796 0.00398632 0.00405518 0.00408424 0.00407205 0.00401766 0.00392067 0.00378117 0.00359975 0.00337749 0.00311589 0.00281686 0.00248262 0.00211567 0.00171869 0.0012945 0.000845937 0.000375834 0.000113103 0.000618348 0.00113763 0.00166898 0.00221081 0.00276194 0.00332166 
0.000300593 0.000617084 0.000946393 0.00128508 0.00162938 0.00197525 0.00231841 0.00265441 0.0029787 0.0032867 0.00357388 0.00383583 0.00406835 0.0042675 0.00442973 0.00455185 0.0046312 0.00466559 0.00465341 0.0045936 0.00448572 0.00432987 0.00412675 0.00387757 0.00358402 0.00324827 0.0028728 0.00246045 0.00201423 0.00153732 0.00103294 0.000504246 4.56865e-05 0.00061401 0.00119815 0.00179588 0.0024054 0.00302534 0.00365485 
0.000342478 0.000702164 0.00107563 0.00145905 0.00184824 0.00223872 0.00262576 0.00300441 0.00336965 0.00371641 0.00403966 0.00433453 0.00459638 0.00482085 0.00500399 0.00514231 0.00523284 0.00527317 0.00526153 0.00519677 0.00507838 0.00490652 0.00468195 0.00440605 0.00408071 0.00370833 0.0032917 0.00283397 0.00233851 0.00180885 0.00124857 0.00066121 5.01833e-05 0.000581328 0.00123045 0.00189468 0.00257198 0.00326081 0.00396018 
0.000387102 0.000792588 0.00121267 0.00164315 0.00207943 0.00251659 0.00294943 0.00337254 0.00378041 0.00416748 0.00452825 0.00485738 0.00514977 0.00540066 0.00560572 0.00576113 0.00586363 0.0059106 0.00590009 0.00583086 0.00570238 0.00551483 0.00526907 0.00496661 0.00460958 0.00420062 0.00374283 0.00323966 0.00269486 0.00211232 0.00149599 0.000849791 0.000177481 0.000517415 0.00123171 0.00196264 0.00270791 0.00346579 0.00423515 
0.000434767 0.00088895 0.00135841 0.00183855 0.00232438 0.00281054 0.00329136 0.00376098 0.00421339 0.00464256 0.00504251 0.00540742 0.00573176 0.00601035 0.00623847 0.00641199 0.00652735 0.00658173 0.006573 0.00649984 0.00636169 0.00615875 0.005892 0.00556312 0.00517443 0.00472884 0.00422977 0.00368102 0.00308667 0.002451 0.00177835 0.00107302 0.000339119 0.000419472 0.00119925 0.00199717 0.00281069 0.00363788 0.00447743 
0.00048578 0.000991854 0.00151373 0.00204643 0.00258455 0.0031223 0.00365356 0.004172 0.00467114 0.00514444 0.00558546 0.0059879 0.00634579 0.00665354 0.00690604 0.00709882 0.00722806 0.0072907 0.00728446 0.00720793 0.00706052 0.00684248 0.0065549 0.00619962 0.00577921 0.00529685 0.00475627 0.00416161 0.00351736 0.00282818 0.00209879 0.00133387 0.000537939 0.000284793 0.00113049 0.00199582 0.00287799 0.00377484 0.0046849 
0.000540453 0.00110192 0.00167955 0.002268 0.00286145 0.00345368 0.00403813 0.00460799 0.0051563 0.00567605 0.00616029 0.00660227 0.00699555 0.00733412 0.0076125 0.00782586 0.00797011 0.00804196 0.00803898 0.00795966 0.00780339 0.0075705 0.00726216 0.00688043 0.0064281 0.00590865 0.00532615 0.00468513 0.00399043 0.00324714 0.0024604 0.00163529 0.000776699 0.000110785 0.001023 0.0019563 0.00290764 0.00387464 0.00485564 
0.000599101 0.00121977 0.00185682 0.00250451 0.00315664 0.00380655 0.00444725 0.00507144 0.00567169 0.00624049 0.0067704 0.0072542 0.00768498 0.00805628 0.00836224 0.00859768 0.00875821 0.00884032 0.00884142 0.00875991 0.00859518 0.00834759 0.00801849 0.0076101 0.00712549 0.00656847 0.00594344 0.00525534 0.00450943 0.00371123 0.0028663 0.00198014 0.00105806 0.000105018 0.000874482 0.00187648 0.00289768 0.00393545 0.00498794 
0.000662039 0.00134604 0.00204647 0.00275722 0.0034717 0.00418284 0.00488317 0.00556495 0.00622025 0.00684105 0.00741943 0.00794764 0.0084183 0.00882452 0.00916 0.00941921 0.00959746 0.00969099 0.00969706 0.00961397 0.00944112 0.00917893 0.00882891 0.00839349 0.00787604 0.0072807 0.00661229 0.00587613 0.00507797 0.00422375 0.00331952 0.00237123 0.00138458 0.00036494 0.000682827 0.00175445 0.00284634 0.00395566 0.00508037 
0.000729581 0.00148135 0.00224945 0.00302741 0.00380825 0.00458449 0.00534823 0.00609123 0.00680506 0.00748121 0.0081112 0.00868679 0.00920008 0.0096437 0.0100109 0.0102958 0.0104934 0.0105996 0.0106116 0.0105276 0.0103469 0.0100701 0.00969883 0.00923581 0.0086847 0.00805003 0.00733703 0.00655152 0.00569971 0.00478807 0.0038231 0.00281124 0.00175866 0.000671132 0.000446117 0.00158849 0.00275212 0.00393393 0.00513169 
0.000802033 0.00162632 0.00246669 0.00331634 0.00416792 0.00501352 0.00584482 0.00665308 0.00742937 0.00816462 0.00884982 0.00947616 0.0100352 0.0105191 0.0109206 0.0112334 0.0114521 0.0115725 0.0115914 0.011507 0.0113187 0.0110271 0.0106341 0.0101426 0.00955673 0.00888135 0.00812222 0.00728565 0.00637841 0.0054075 0.00437997 0.00330278 0.00218257 0.00102555 0.000162661 0.00137713 0.00261373 0.00386914 0.00514096 
0.000879684 0.00178154 0.0026991 0.00362526 0.0045523 0.00547194 0.00637537 0.0072534 0.00809653 0.00889515 0.00963964 0.0103206 0.010929 0.0114564 0.0118951 0.0122383 0.0124802 0.0126163 0.0126433 0.0125592 0.0123634 0.0120567 0.0116411 0.01112 0.0104978 0.0097799 0.0089726 0.0080828 0.00711785 0.00608536 0.004993 0.00384827 0.00265835 0.00142991 0.000168967 0.00111921 0.0024302 0.0037605 0.00510752 
0.000962801 0.00194755 0.00294752 0.00395534 0.00496296 0.00596171 0.00694234 0.00789514 0.00881006 0.00967685 0.0104853 0.0112253 0.0118871 0.0124618 0.0129411 0.0133175 0.013585 0.0137386 0.0137748 0.0136916 0.0134883 0.0131659 0.0127267 0.0121744 0.0115139 0.0107512 0.00989318 0.00894738 0.00792186 0.00682494 0.00566493 0.00444997 0.00318782 0.00188564 0.000549879 0.00081385 0.00220087 0.00360749 0.00503098 
0.00105161 0.00212482 0.00321271 0.00430767 0.00540137 0.00648476 0.00754815 0.0085813 0.00957354 0.010514 0.0113916 0.0121957 0.0129158 0.0135422 0.0140658 0.0144788 0.0147745 0.0149476 0.0149943 0.0149126 0.0147017 0.0143628 0.0138985 0.013313 0.0126117 0.0118012 0.0108892 0.00988396 0.00879434 0.00762943 0.00639833 0.00510989 0.00377247 0.00239382 0.000980814 0.000460586 0.00192546 0.00340996 0.00491128 
0.00114629 0.00231372 0.00349527 0.00468318 0.00586885 0.00704288 0.00819515 0.00931485 0.0103907 0.0114109 0.0123639 0.0132379 0.0140218 0.0147048 0.0152773 0.0157306 0.0160576 0.0162525 0.0163112 0.0162314 0.0160126 0.0156561 0.0151649 0.0145435 0.0137982 0.0129363 0.0119662 0.0108973 0.00973917 0.00850195 0.00719557 0.0058297 0.00441344 0.0029551 0.00146205 5.93933e-05 0.00160411 0.00316814 0.00474868 
0.00124692 0.00251447 0.00379563 0.00508255 0.00636645 0.00763764 0.00888552 0.0100987 0.0112651 0.0123723 0.0134076 0.0143583 0.0152122 0.0159577 0.0165843 0.0170824 0.0174442 0.0176635 0.0177357 0.0176584 0.0174312 0.0170556 0.0165349 0.0158744 0.0150811 0.0141632 0.0131301 0.0119921 0.0107602 0.00944542 0.00805871 0.00661072 0.00511134 0.00356958 0.00199333 0.000389204 0.00123747 0.00288272 0.00454382 
0.00135348 0.00272707 0.00411389 0.00550613 0.00689491 0.00827028 0.00962118 0.0109356 0.0122006 0.0134028 0.0145283 0.0155636 0.016495 0.0173099 0.0179966 0.0185447 0.0189454 0.019192 0.0192795 0.0192052 0.0189688 0.018572 0.0180188 0.0173151 0.0164688 0.0154892 0.0143869 0.0131736 0.0118613 0.0104625 0.00898943 0.00745369 0.0058662 0.00423671 0.00257366 0.000884015 0.000826796 0.00255486 0.0042977 
0.00146581 0.00295124 0.00444977 0.00595379 0.00745445 0.00894158 0.0104037 0.0118279 0.0132006 0.0145071 0.0157323 0.0168611 0.0178787 0.018771 0.019525 0.0201291 0.0205736 0.0208509 0.0209555 0.0208847 0.020638 0.0202176 0.019628 0.018876 0.0179706 0.0169223 0.0157433 0.0144467 0.0130462 0.0115557 0.00998888 0.00835873 0.00667725 0.00495506 0.00320123 0.00142302 0.000374076 0.00218637 0.0040118 
0.00158349 0.00318627 0.00480241 0.00642474 0.0080446 0.00965165 0.0112339 0.0127778 0.0142685 0.0156899 0.0170256 0.0182587 0.0193728 0.0203519 0.0211815 0.0218487 0.0223426 0.0226546 0.0227787 0.0227117 0.0224533 0.022006 0.0213752 0.0205686 0.0195965 0.0184711 0.0172062 0.0158168 0.0143184 0.0127269 0.0110576 0.00932506 0.0075427 0.00572214 0.0038731 0.00200318 0.000117794 0.00177975 0.00368808 
0.00170586 0.00343089 0.00517018 0.00691729 0.0086639 0.0103996 0.012112 0.0137866 0.0154071 0.016956 0.0184149 0.0197648 0.0209873 0.0220644 0.0229796 0.0237184 0.0242683 0.0246196 0.0247657 0.0247028 0.0244309 0.0239528 0.0232747 0.0224058 0.0213579 0.020145 0.018783 0.0172891 0.0156813 0.0139774 0.0121951 0.0103508 0.0084595 0.00653405 0.00458496 0.00262013 0.000644788 0.0013384 0.00332907 
0.0018318 0.00368309 0.00555042 0.00742849 0.00930961 0.0111835 0.0130371 0.0148548 0.0166189 0.0183098 0.0199067 0.0213882 0.0227334 0.0239217 0.0249345 0.0257548 0.0263686 0.0267647 0.0269356 0.0268772 0.0265893 0.0260755 0.025343 0.0244023 0.0232673 0.0219543 0.0204816 0.0188691 0.0171377 0.0153079 0.0133999 0.0114326 0.00942293 0.00738515 0.00533074 0.00326787 0.00120145 0.000866813 0.00293801 
0.00195968 0.00393977 0.00593901 0.00795372 0.0099772 0.0119993 0.0140065 0.0159818 0.0179054 0.0197552 0.0215077 0.0231386 0.0246234 0.0259388 0.027063 0.0279768 0.0286639 0.0291113 0.0293105 0.0292568 0.02895 0.0283944 0.0275984 0.0265745 0.0253388 0.0239102 0.0223103 0.0205622 0.0186901 0.0167179 0.0146691 0.0125654 0.0104262 0.00826753 0.00610205 0.00393825 0.00178048 0.000370865 0.00251895 
0.00208709 0.00419644 0.00632988 0.0084861 0.0106598 0.0128411 0.0150158 0.0171651 0.0192669 0.0212959 0.023225 0.025026 0.0266708 0.0281321 0.0293847 0.0304062 0.0311776 0.0316841 0.0319155 0.0318666 0.0315373 0.0309325 0.0300623 0.0289413 0.0275882 0.0260255 0.0242784 0.0223739 0.0203403 0.0182059 0.0159979 0.0137418 0.0114598 0.00917037 0.00688761 0.00462034 0.00237222 0.00014177 0.00207701 
0.00221057 0.00444661 0.00671432 0.00901566 0.0113472 0.0136996 0.0160576 0.0184003 0.0207023 0.0229345 0.0250652 0.0270615 0.0288905 0.0305204 0.0319216 0.0330679 0.033937 0.0345117 0.0347801 0.0347361 0.0343797 0.0337168 0.0327592 0.0315241 0.0300337 0.0283143 0.0263955 0.0243095 0.0220894 0.0197686 0.0173793 0.0149513 0.0125107 0.0100791 0.00767229 0.00529964 0.00296388 0.000661075 0.00161863 
0.00232518 0.00468105 0.00707991 0.00952825 0.0120251 0.0145617 0.0171213 0.0196802 0.0222088 0.0246728 0.0270351 0.029257 0.0312994 0.033125 0.034699 0.0359905 0.0369732 0.0376271 0.0379381 0.0378991 0.0375101 0.0367782 0.0357173 0.0343478 0.0326958 0.0307923 0.0286726 0.0263745 0.0239375 0.021401 0.0188034 0.01618 0.0135619 0.0109745 0.00843603 0.00595684 0.0035385 0.0011739 0.00115202 
0.0024239 0.00488666 0.0074092 0.0100041 0.0126735 0.0154089 0.0181917 0.0209939 0.0237807 0.0265113 0.0291415 0.0316252 0.0339162 0.0359703 0.0377462 0.0392073 0.0403229 0.041069 0.0414292 0.0413952 0.0409671 0.0401531 0.0389698 0.0374411 0.0355982 0.0334778 0.0311215 0.0285744 0.0258833 0.0230955 0.0202567 0.0174092 0.0145905 0.0118309 0.00915231 0.00656635 0.00407354 0.00166284 0.00068775 
0.00249661 0.0050448 0.00767761 0.0104156 0.0132646 0.0162159 0.0192476 0.0223262 0.0254096 0.0284488 0.0313907 0.0341802 0.0367623 0.0390842 0.0410969 0.0427571 0.0440284 0.0448825 0.0452999 0.0452709 0.0447956 0.0438837 0.0425549 0.0408376 0.0387685 0.0363914 0.0337555 0.0309146 0.0279246 0.0248419 0.0217216 0.0186149 0.015567 0.0126152 0.00978621 0.00709414 0.00453881 0.00210451 0.000239767 
0.00252859 0.00512872 0.00785053 0.0107247 0.0137608 0.0169485 0.0202608 0.0236563 0.0270834 0.0304824 0.0337894 0.0369379 0.0398621 0.0424991 0.0447907 0.0466853 0.0481397 0.0491205 0.0496047 0.0495807 0.0490485 0.04802 0.046518 0.0445765 0.0422389 0.0395571 0.0365898 0.0334009 0.0300573 0.0266267 0.0231756 0.0197659 0.0164534 0.0132841 0.0102918 0.00749487 0.00489345 0.00246699 0.000173101 
0.00249777 0.00509937 0.00787889 0.0108789 0.0141112 0.0175615 0.0211942 0.024957 0.0287857 0.0326073 0.036344 0.0399158 0.0432439 0.046253 0.0488738 0.051045 0.0527155 0.0538455 0.0544078 0.0543887 0.0537882 0.0526203 0.0509122 0.0487039 0.0460469 0.0430029 0.0396417 0.0360394 0.032276 0.0284328 0.02459 0.0208234 0.0172014 0.013782 0.010609 0.00770787 0.00508154 0.00270564 0.00052445 
0.00236973 0.00489847 0.00769267 0.010806 0.0142482 0.0179958 0.022 0.0261934 0.0304955 0.0348165 0.0390616 0.0431346 0.0469408 0.0503903 0.0534007 0.0558991 0.0578248 0.0591307 0.0597847 0.0597704 0.059088 0.0577538 0.0558001 0.0532742 0.0502371 0.046762 0.0429318 0.0388372 0.0345737 0.030239 0.0259299 0.0217387 0.0177504 0.0140381 0.0106596 0.00765195 0.00502556 0.00275621 0.000775307 
0.00208713 0.00443633 0.00719133 0.0104077 0.0140829 0.0181759 0.0226183 0.0273223 0.0321867 0.037101 0.0419501 0.0466181 0.0509917 0.0549635 0.0584356 0.0613215 0.0635492 0.065063 0.0658248 0.0658154 0.0650346 0.0635021 0.0612558 0.0583517 0.0548621 0.0508735 0.0464844 0.0418026 0.0369421 0.0320199 0.0271528 0.0224531 0.0180257 0.0139635 0.0103429 0.00721872 0.00461679 0.00252275 0.000863713 
0.00154467 0.00357055 0.00623064 0.00955219 0.0135014 0.0180078 0.0229758 0.0282915 0.033828 0.0394504 0.0450191 0.0503951 0.0554429 0.0600349 0.0640547 0.0673999 0.0699853 0.0717449 0.0726337 0.072629 0.0717307 0.0699617 0.0673671 0.0640129 0.0599845 0.0553841 0.0503287 0.044946 0.0393719 0.033746 0.0282087 0.0228961 0.0179372 0.0134487 0.00953148 0.00626524 0.00370228 0.00185652 0.000680059 
