0 0 0 0 0 0 0 0 0 0 0 0 0 0 0 0 0 0 0 0 0 0 0 0 0 0 0 0 0 0 0 0 0 0 0 0 0 0 0 0 0 0 0 0 0 0 0 0 0 0 0 0 0 0 0 0 0 0 0 0 0 
0 0.00016012 0.000620297 0.00137539 0.00241691 0.00373314 0.00530923 0.0071274 0.0091671 0.0114053 0.0138167 0.0163741 0.0190485 0.0218096 0.0246264 0.0274668 0.0302988 0.0330904 0.0358098 0.0384264 0.0409106 0.0432342 0.0453709 0.0472966 0.0489894 0.0504301 0.0516025 0.0524933 0.0530924 0.0533929 0.0533914 0.053088 0.0524861 0.0515924 0.050417 0.0489732 0.0472774 0.0453486 0.0432087 0.0408818 0.0383942 0.0357741 0.033051 0.0302558 0.0274199 0.0245754 0.0217544 0.0189888 0.0163098 0.0137476 0.0113311 0.00908759 0.0070423 0.00521827 0.00363601 0.00231329 0.00126493 0.000502636 3.48715e-05 -0.000133246 0 
0 0.000319845 0.00123895 0.00274706 0.00482721 0.00745599 0.0106038 0.014235 0.0183087 0.0227788 0.0275948 0.0327024 0.0380436 0.0435582 0.0491837 0.0548566 0.0605126 0.0660878 0.071519 0.0767449 0.0817062 0.0863468 0.0906143 0.0944601 0.097841 0.100718 0.10306 0.104839 0.106035 0.106636 0.106633 0.106027 0.104825 0.10304 0.100692 0.0978087 0.0944218 0.0905697 0.0862959 0.0816487 0.0766806 0.0714477 0.0660093 0.0604266 0.0547628 0.0490818 0.0434479 0.0379245 0.032574 0.0274568 0.0226307 0.0181499 0.0140651 0.0104221 0.00726205 0.00462031 0.0025265 0.00100402 6.97585e-05 -0.000266058 0 
0 0.000478781 0.00185433 0.00411129 0.00722429 0.0111583 0.0158689 0.021303 0.0273993 0.0340887 0.0412959 0.0489392 0.0569322 0.0651847 0.0736032 0.0820925 0.0905566 0.0988997 0.107027 0.114848 0.122272 0.129217 0.135603 0.141358 0.146417 0.150723 0.154227 0.15689 0.15868 0.159578 0.159574 0.158667 0.156868 0.154197 0.150684 0.146369 0.141301 0.135536 0.129141 0.122186 0.114752 0.106921 0.0987822 0.0904279 0.0819522 0.0734508 0.0650196 0.056754 0.0487472 0.0410894 0.0338672 0.0271618 0.0210489 0.0155973 0.0108682 0.00691479 0.00378137 0.0015029 0.000104677 -0.000398001 0 
0 0.000636536 0.00246481 0.0054644 0.0096016 0.0148298 0.0210902 0.0283119 0.0364136 0.0453036 0.0548815 0.0650391 0.0756615 0.0866286 0.0978163 0.109098 0.120346 0.131434 0.142235 0.152628 0.162495 0.171723 0.18021 0.187859 0.194582 0.200304 0.204961 0.208499 0.210878 0.212072 0.212066 0.210861 0.20847 0.204921 0.200252 0.194518 0.187782 0.180122 0.171622 0.16238 0.1525 0.142093 0.131278 0.120175 0.108912 0.0976139 0.0864094 0.0754248 0.0647841 0.0546073 0.0450093 0.0360982 0.0279744 0.0207293 0.0144445 0.00919053 0.0050262 0.00199803 0.000139642 -0.000528643 0 
0 0.000792725 0.00306877 0.00680272 0.0119526 0.0184605 0.026253 0.0352422 0.0453265 0.0563921 0.0683139 0.0809572 0.094179 0.10783 0.121755 0.135798 0.149798 0.163599 0.177043 0.189979 0.20226 0.213747 0.224311 0.233831 0.242199 0.249322 0.255118 0.259522 0.262483 0.263969 0.263962 0.262462 0.259486 0.255068 0.249257 0.24212 0.233736 0.224201 0.213622 0.202118 0.18982 0.176867 0.163405 0.149586 0.135566 0.121503 0.107557 0.0938846 0.08064 0.0679729 0.0560261 0.0449343 0.0348224 0.0258043 0.0179813 0.0114414 0.0062577 0.00248819 0.000174671 -0.000657557 0 
0 0.000946964 0.00366463 0.00812266 0.014271 0.0220404 0.0313432 0.0420746 0.0541133 0.0673234 0.0815555 0.0966489 0.112433 0.128729 0.145353 0.162116 0.17883 0.195305 0.211354 0.226797 0.241458 0.255171 0.267781 0.279146 0.289136 0.297639 0.304558 0.309815 0.31335 0.315124 0.315115 0.313325 0.309772 0.304498 0.297561 0.289041 0.279033 0.26765 0.255021 0.241288 0.226607 0.211144 0.195074 0.178577 0.16184 0.145053 0.128404 0.112082 0.0962706 0.0811488 0.0668869 0.0536455 0.0415739 0.030808 0.0214688 0.0136612 0.00747261 0.00297216 0.000209782 -0.000784319 0 
0 0.00109888 0.00425082 0.00942063 0.0165503 0.0255595 0.0363467 0.0487902 0.0627495 0.0780669 0.0945694 0.11207 0.130372 0.149267 0.168543 0.18798 0.20736 0.226463 0.245072 0.262977 0.279977 0.295877 0.310498 0.323675 0.335259 0.345118 0.353141 0.359236 0.363336 0.365392 0.365382 0.363306 0.359187 0.353072 0.345029 0.335149 0.323545 0.310346 0.295703 0.27978 0.262758 0.244829 0.226195 0.207067 0.18766 0.168195 0.148891 0.129965 0.111632 0.0940984 0.0775614 0.0622077 0.0482103 0.0357268 0.0248975 0.015844 0.00866772 0.00344874 0.000244993 -0.000908509 0 
0 0.00124809 0.00482579 0.0106932 0.0187843 0.0290082 0.0412496 0.0553704 0.0712111 0.0885928 0.107319 0.127179 0.147946 0.169388 0.191261 0.213317 0.235308 0.256985 0.278101 0.298419 0.317709 0.335751 0.352343 0.367296 0.38044 0.391627 0.400731 0.407648 0.412299 0.414633 0.414622 0.412266 0.407592 0.400653 0.391526 0.380315 0.367147 0.352171 0.335554 0.317486 0.298171 0.277826 0.256681 0.234976 0.212955 0.190867 0.168961 0.147486 0.126682 0.106785 0.08802 0.0705971 0.0547133 0.0405472 0.0282581 0.017984 0.00983988 0.00391677 0.000280323 -0.00102972 0 
0 0.00139426 0.00538805 0.0119368 0.0209671 0.0323772 0.0460385 0.0617969 0.0794745 0.0988718 0.119769 0.141931 0.165107 0.189034 0.213443 0.238056 0.262596 0.286785 0.31035 0.333023 0.354549 0.374683 0.393198 0.409883 0.424551 0.437035 0.447194 0.454913 0.460104 0.462708 0.462695 0.460066 0.454851 0.447107 0.436923 0.424413 0.409718 0.393006 0.374463 0.354301 0.332746 0.310043 0.286447 0.262226 0.237652 0.213004 0.188559 0.164594 0.141378 0.119175 0.0982336 0.0787905 0.0610648 0.0452558 0.0315413 0.0200752 0.010986 0.0043751 0.000315795 -0.00114754 0 
0 0.00153701 0.00593613 0.0131483 0.0230926 0.035657 0.0507001 0.068052 0.087517 0.108875 0.131885 0.156287 0.181806 0.208151 0.235027 0.262128 0.289148 0.315782 0.341728 0.366692 0.390393 0.412561 0.432947 0.451319 0.467469 0.481215 0.4924 0.500899 0.506614 0.509481 0.509468 0.506573 0.500831 0.492304 0.481091 0.467317 0.451138 0.432736 0.41232 0.390121 0.366388 0.34139 0.31541 0.288741 0.261684 0.234544 0.207629 0.181242 0.15568 0.131232 0.108174 0.0867653 0.0672474 0.0498398 0.0347383 0.0221122 0.0121031 0.00482261 0.00035143 -0.00126157 0 
0 0.00167603 0.00646861 0.0143243 0.025155 0.0388388 0.0552216 0.0741185 0.0953162 0.118575 0.143633 0.170207 0.197996 0.226686 0.255952 0.285465 0.314889 0.343892 0.372146 0.399331 0.425141 0.449281 0.47148 0.491487 0.509074 0.524042 0.536223 0.545477 0.551701 0.554823 0.554808 0.551656 0.545403 0.536118 0.523907 0.508908 0.49129 0.471251 0.449019 0.424845 0.399001 0.371779 0.343488 0.314446 0.284982 0.255428 0.226118 0.197383 0.169547 0.142923 0.117813 0.0944992 0.073244 0.0542866 0.0378403 0.0240895 0.0131883 0.00525822 0.000387253 -0.00137144 0 
0 0.00181097 0.00698411 0.0154618 0.0271489 0.0419139 0.0595905 0.0799795 0.102851 0.127945 0.154981 0.183651 0.213633 0.244586 0.276161 0.308001 0.339747 0.371038 0.40152 0.43085 0.458695 0.484739 0.508689 0.530274 0.549247 0.565396 0.578538 0.588522 0.595236 0.598605 0.598589 0.595189 0.588442 0.578425 0.565251 0.549069 0.530061 0.508443 0.484457 0.458376 0.430494 0.401126 0.370603 0.339271 0.307482 0.275597 0.243975 0.212973 0.18294 0.154216 0.127125 0.101971 0.0790381 0.0585841 0.0408389 0.0260017 0.0142387 0.00568089 0.000423291 -0.00147677 0 
0 0.00194152 0.0074813 0.0165576 0.0290687 0.0448739 0.063795 0.0856189 0.110099 0.136959 0.165896 0.196583 0.228672 0.261802 0.295597 0.329676 0.363652 0.397143 0.429768 0.461159 0.490961 0.518837 0.54447 0.567571 0.587878 0.605162 0.619227 0.629913 0.637099 0.640705 0.640688 0.637048 0.629828 0.619107 0.605007 0.587688 0.567344 0.544206 0.518535 0.490621 0.460779 0.429347 0.396679 0.363144 0.329121 0.294995 0.26115 0.227968 0.195824 0.16508 0.136083 0.10916 0.0846138 0.0627204 0.0437261 0.0278438 0.0152516 0.00608963 0.000459572 -0.00157718 0 
0 0.00206739 0.00795892 0.017609 0.0309094 0.0477107 0.0678235 0.0910212 0.117042 0.145592 0.176349 0.208966 0.243073 0.278286 0.314205 0.350427 0.386539 0.422135 0.456811 0.490175 0.52185 0.551477 0.578721 0.603274 0.624858 0.643228 0.658177 0.669534 0.677172 0.681004 0.680986 0.677118 0.669444 0.65805 0.643064 0.624656 0.603034 0.578442 0.551158 0.52149 0.489772 0.456364 0.421643 0.386 0.349839 0.313567 0.277594 0.242326 0.208161 0.175484 0.144664 0.116047 0.0899559 0.0666844 0.046494 0.0296109 0.0162244 0.00648346 0.000496126 -0.00167234 0 
0 0.00218829 0.00841576 0.0186131 0.0326661 0.0504167 0.0716651 0.0961717 0.12366 0.15382 0.186311 0.220765 0.256795 0.293991 0.331935 0.370196 0.408343 0.445943 0.482572 0.517816 0.551274 0.58257 0.611348 0.637284 0.660083 0.679488 0.695278 0.707275 0.715343 0.719391 0.719372 0.715286 0.70718 0.695144 0.679315 0.659871 0.637031 0.611054 0.582234 0.550895 0.517392 0.482102 0.445426 0.407776 0.369578 0.331263 0.293264 0.256009 0.219918 0.1854 0.152842 0.122612 0.0950497 0.0704653 0.0491351 0.0312984 0.0171546 0.00686147 0.000532987 -0.0017619 0 
0 0.00230395 0.00885066 0.0195673 0.034334 0.0529845 0.0753091 0.101056 0.129935 0.16162 0.195754 0.23195 0.2698 0.308876 0.348736 0.38893 0.429003 0.468503 0.506982 0.544004 0.579153 0.612028 0.64226 0.669505 0.693455 0.713839 0.730427 0.74303 0.751505 0.755757 0.755738 0.751446 0.74293 0.730287 0.713658 0.693233 0.66924 0.641952 0.611677 0.578755 0.54356 0.506489 0.467961 0.428409 0.388282 0.348032 0.308114 0.268977 0.231063 0.1948 0.160596 0.128838 0.0998813 0.0740529 0.0516426 0.0329017 0.0180399 0.00722281 0.000570188 -0.00184554 0 
0 0.00241411 0.00926255 0.0204692 0.0359086 0.0554074 0.0787459 0.105661 0.13585 0.168971 0.204651 0.242487 0.282051 0.322897 0.364562 0.406575 0.448463 0.48975 0.52997 0.568668 0.605407 0.63977 0.67137 0.699847 0.724881 0.746187 0.763525 0.776699 0.785558 0.790002 0.789981 0.785495 0.776595 0.76338 0.745999 0.724649 0.699572 0.671049 0.639404 0.604993 0.568206 0.529457 0.489185 0.447844 0.405901 0.363829 0.322103 0.281194 0.241564 0.203658 0.167905 0.134707 0.104438 0.0774374 0.0540095 0.0344167 0.018878 0.00756667 0.000607767 -0.00192295 0 
0 0.00251855 0.00965041 0.0213164 0.037386 0.0576786 0.0819661 0.109975 0.141389 0.175853 0.21298 0.252349 0.293517 0.336017 0.379369 0.423084 0.466667 0.509626 0.551474 0.591739 0.629964 0.665718 0.698596 0.728226 0.754273 0.776442 0.794481 0.808188 0.817405 0.82203 0.822008 0.817341 0.80808 0.79433 0.776246 0.754033 0.727941 0.698264 0.665338 0.629535 0.591259 0.550943 0.509041 0.466026 0.422385 0.37861 0.335194 0.292628 0.251392 0.211951 0.174748 0.140204 0.108706 0.0806098 0.0562297 0.0358394 0.0196669 0.00789228 0.000645764 -0.00199384 0 
0 0.00261704 0.0100133 0.0221068 0.0387621 0.0597924 0.084961 0.113985 0.146536 0.182247 0.220717 0.261509 0.304163 0.348199 0.393117 0.43841 0.483566 0.528075 0.571434 0.613151 0.652756 0.6898 0.723865 0.754564 0.78155 0.804518 0.823209 0.837409 0.846959 0.851751 0.851728 0.846893 0.837298 0.823053 0.804317 0.781302 0.754269 0.723522 0.689408 0.652314 0.612657 0.570886 0.527472 0.482905 0.437689 0.392333 0.34735 0.303247 0.260521 0.219655 0.181107 0.145314 0.112676 0.0835617 0.0582974 0.0371663 0.0204046 0.00819895 0.00068422 -0.00205793 0 
0 0.0027094 0.0103504 0.0228383 0.0400334 0.0617429 0.0877227 0.11768 0.151278 0.188136 0.22784 0.26994 0.313963 0.359409 0.405766 0.452511 0.499113 0.545048 0.589794 0.632847 0.67372 0.71195 0.747104 0.778786 0.806636 0.830339 0.849628 0.864283 0.874138 0.879083 0.87906 0.87407 0.864168 0.849467 0.830132 0.806381 0.778483 0.746752 0.711547 0.673265 0.632339 0.589231 0.544427 0.498434 0.45177 0.404962 0.358538 0.313021 0.268926 0.226749 0.186965 0.150022 0.116336 0.0862851 0.0602071 0.0383939 0.0210893 0.00848604 0.000723178 -0.00211496 0 
0 0.00279543 0.0106608 0.0235091 0.0411967 0.0635253 0.0902438 0.121051 0.155601 0.193503 0.23433 0.277621 0.322888 0.369618 0.417284 0.465348 0.513266 0.560496 0.606505 0.650772 0.692798 0.732105 0.768251 0.800826 0.829461 0.853833 0.873665 0.888733 0.898867 0.903951 0.903928 0.898797 0.888616 0.873501 0.853621 0.829201 0.800516 0.767891 0.731693 0.692332 0.650253 0.605929 0.559861 0.51257 0.46459 0.416461 0.368726 0.321925 0.276584 0.233214 0.192305 0.154317 0.119676 0.088773 0.0619538 0.0395191 0.0217195 0.00875296 0.000762685 -0.0021647 0 
0 0.00287499 0.010944 0.0241176 0.042249 0.0651347 0.0925177 0.12409 0.159495 0.198335 0.240171 0.284531 0.330914 0.378797 0.427638 0.476886 0.525984 0.574378 0.62152 0.666877 0.709937 0.750212 0.787247 0.820623 0.849963 0.874934 0.895254 0.910693 0.921076 0.926286 0.926262 0.921005 0.910574 0.895087 0.874718 0.849697 0.820307 0.78688 0.749792 0.709463 0.666347 0.620932 0.573731 0.525276 0.476113 0.426799 0.377888 0.329933 0.283473 0.239033 0.197114 0.158186 0.122688 0.0910188 0.0635332 0.0405392 0.0222936 0.00899921 0.000802787 -0.00220692 0 
0 0.00294794 0.0111991 0.0246624 0.0431876 0.0665672 0.0945385 0.126787 0.162949 0.202618 0.245346 0.29065 0.33802 0.386921 0.4368 0.487094 0.537235 0.586656 0.634798 0.681117 0.72509 0.76622 0.80404 0.838124 0.868086 0.893586 0.914337 0.930103 0.940707 0.946026 0.946002 0.940634 0.929982 0.914167 0.893367 0.867816 0.837803 0.803667 0.765793 0.724609 0.680579 0.634201 0.585999 0.536515 0.48631 0.435948 0.385998 0.337024 0.289576 0.244191 0.201378 0.16162 0.125364 0.0930167 0.0649411 0.0414516 0.0228103 0.00922433 0.000843533 -0.00224143 0 
0 0.00301416 0.0114258 0.0251422 0.0440104 0.0678191 0.096301 0.129136 0.165954 0.206341 0.249841 0.295963 0.344187 0.393969 0.444746 0.495944 0.546987 0.597296 0.646303 0.693455 0.738217 0.780085 0.818584 0.85328 0.883779 0.909738 0.930861 0.94691 0.957703 0.963119 0.963094 0.95763 0.946787 0.930689 0.909515 0.883506 0.852955 0.818206 0.779653 0.73773 0.69291 0.6457 0.596631 0.546259 0.495151 0.443883 0.393035 0.343179 0.294877 0.248673 0.205087 0.16461 0.127697 0.0947617 0.0661743 0.0422542 0.0232685 0.00942792 0.000884972 -0.00226804 0 
0 0.00307356 0.0116236 0.0255558 0.0447152 0.0688873 0.0978009 0.131131 0.168502 0.209494 0.253644 0.300455 0.349398 0.399921 0.451453 0.503413 0.555214 0.60627 0.656005 0.703856 0.749282 0.79177 0.830841 0.86605 0.897002 0.923345 0.944781 0.961068 0.972021 0.977517 0.977492 0.971947 0.960944 0.944607 0.92312 0.896726 0.865723 0.830459 0.791335 0.74879 0.703306 0.655396 0.6056 0.55448 0.502613 0.450584 0.39898 0.348382 0.29936 0.252467 0.20823 0.167147 0.12968 0.0962494 0.0672295 0.0429452 0.0236672 0.00960966 0.000927153 -0.0022866 0 
0 0.00312606 0.011792 0.0259025 0.0453005 0.0697693 0.0990343 0.132767 0.170587 0.21207 0.256747 0.304115 0.35364 0.404763 0.456906 0.509481 0.561895 0.613555 0.663877 0.712293 0.758255 0.801245 0.840776 0.876401 0.907718 0.934371 0.95606 0.972539 0.983622 0.989182 0.989157 0.983547 0.972415 0.955885 0.934146 0.907441 0.876072 0.840393 0.800807 0.757761 0.711741 0.663265 0.612881 0.561157 0.508677 0.456033 0.403817 0.352619 0.303015 0.255565 0.2108 0.169227 0.13131 0.0974763 0.0681044 0.0435229 0.0240057 0.00976929 0.000970126 -0.00229697 0 
0 0.00317161 0.0119308 0.0261814 0.0457651 0.070463 0.0999984 0.13404 0.172204 0.214061 0.259141 0.306934 0.356902 0.408481 0.461089 0.514133 0.567012 0.61913 0.669899 0.718744 0.765114 0.808485 0.848365 0.884306 0.915899 0.942788 0.964669 0.981294 0.992474 0.998084 0.998059 0.9924 0.981169 0.964494 0.942562 0.915621 0.883975 0.847982 0.808046 0.764619 0.718191 0.669286 0.618456 0.566273 0.513328 0.460215 0.407535 0.35588 0.305833 0.257957 0.212791 0.170842 0.132582 0.0984393 0.0687971 0.0439863 0.0242834 0.00990661 0.00101394 -0.00229903 0 
0 0.00321018 0.0120398 0.0263922 0.046108 0.0709671 0.100691 0.134946 0.173348 0.215464 0.26082 0.308904 0.359176 0.411067 0.463993 0.517355 0.570553 0.622984 0.674056 0.723194 0.769841 0.81347 0.853589 0.889743 0.921525 0.948574 0.970585 0.987309 0.998556 1.0042 1.00417 0.998482 0.987185 0.970411 0.948349 0.921248 0.889414 0.853205 0.813032 0.769346 0.722642 0.673445 0.62231 0.569815 0.516552 0.46312 0.410123 0.358157 0.307806 0.259639 0.214197 0.17199 0.133493 0.0991365 0.069306 0.0443344 0.0244997 0.0100215 0.00105863 -0.00229269 0 
0 0.00324176 0.0121189 0.0265344 0.0463286 0.0712805 0.101111 0.135486 0.174018 0.216275 0.26178 0.310022 0.360457 0.412515 0.46561 0.519143 0.572508 0.625105 0.676339 0.725631 0.772424 0.81619 0.856434 0.892701 0.924582 0.951716 0.973796 0.990572 1.00185 1.00752 1.00749 1.00178 0.990448 0.973622 0.951491 0.924306 0.892373 0.856052 0.815754 0.771932 0.725081 0.67573 0.624435 0.571775 0.518343 0.464742 0.411576 0.359443 0.308931 0.260607 0.215016 0.172669 0.134041 0.0995665 0.0696303 0.0445666 0.0246544 0.0101138 0.00110425 -0.0022779 0 
0 0.00326636 0.0121681 0.0266081 0.0464267 0.0714029 0.101258 0.135656 0.174212 0.216492 0.262021 0.310286 0.360742 0.412822 0.465938 0.519491 0.572876 0.625491 0.676742 0.72605 0.772859 0.816639 0.856896 0.893174 0.925065 0.952207 0.974293 0.991074 1.00236 1.00802 1.008 1.00229 0.990951 0.974121 0.951984 0.924791 0.892848 0.856517 0.816206 0.772371 0.725505 0.676138 0.624827 0.572149 0.518698 0.465078 0.411892 0.359738 0.309204 0.260859 0.215245 0.172876 0.134226 0.0997287 0.0697695 0.0446828 0.0247474 0.0101837 0.00115083 -0.0022546 0 
0 0.003284 0.0121874 0.0266133 0.0464024 0.0713345 0.101131 0.135458 0.173931 0.216117 0.261542 0.309695 0.360033 0.411989 0.464977 0.5184 0.571656 0.624142 0.675267 0.724454 0.771147 0.814818 0.854975 0.891163 0.922974 0.950049 0.97208 0.988819 1.00008 1.00573 1.0057 1 0.988698 0.971909 0.949828 0.922703 0.890841 0.8546 0.81439 0.770664 0.723915 0.674671 0.623486 0.570937 0.517618 0.464128 0.41107 0.359041 0.308627 0.260395 0.214887 0.172613 0.134048 0.0996232 0.0697238 0.044683 0.0247789 0.010231 0.00119839 -0.0022228 0 
0 0.00329472 0.0121769 0.0265502 0.0462562 0.0710759 0.100732 0.134893 0.173176 0.215151 0.260346 0.308253 0.358332 0.410019 0.462732 0.515877 0.568853 0.621065 0.671921 0.720849 0.767295 0.810736 0.85068 0.886677 0.91832 0.945251 0.967165 0.983816 0.995014 1.00063 1.00061 0.994942 0.983696 0.966997 0.945033 0.918053 0.886359 0.850311 0.810314 0.766819 0.720318 0.671333 0.620418 0.568146 0.515106 0.461896 0.409115 0.357357 0.307203 0.259218 0.213942 0.171881 0.133508 0.099251 0.0694939 0.0445677 0.0247489 0.010256 0.00124696 -0.00218249 0 
0 0.0032986 0.0121369 0.0264194 0.0459889 0.0706283 0.100063 0.133964 0.171951 0.213598 0.258437 0.305965 0.355646 0.40692 0.459211 0.511929 0.564479 0.616269 0.666715 0.715247 0.761317 0.804406 0.844027 0.879732 0.911118 0.93783 0.959566 0.976082 0.987189 0.992763 0.992739 0.987118 0.975964 0.959401 0.937616 0.910855 0.879419 0.843664 0.803992 0.76085 0.714726 0.666138 0.615635 0.563785 0.511173 0.458391 0.406034 0.35469 0.304936 0.257333 0.212414 0.170683 0.132607 0.0986136 0.0690808 0.0443375 0.0246579 0.0102587 0.00129653 -0.00213373 0 
0 0.0032957 0.0120676 0.0262214 0.0456016 0.0699936 0.0991257 0.132673 0.170259 0.211463 0.255823 0.302839 0.351983 0.402703 0.454426 0.50657 0.558548 0.609772 0.659667 0.707668 0.753234 0.795851 0.835037 0.87035 0.901391 0.92781 0.949309 0.965643 0.976628 0.982141 0.982118 0.976559 0.965527 0.949146 0.927601 0.901134 0.870044 0.834681 0.795445 0.752776 0.707158 0.659102 0.609152 0.557869 0.505831 0.453625 0.401837 0.35105 0.301835 0.254745 0.210308 0.169023 0.131351 0.0977136 0.0684861 0.0439934 0.0245064 0.0102394 0.0013471 -0.00207659 0 
0 0.00328612 0.0119695 0.0259571 0.0450958 0.0691739 0.0979237 0.131025 0.168106 0.208754 0.252511 0.298885 0.347357 0.39738 0.448392 0.499817 0.551078 0.601595 0.650799 0.698135 0.74307 0.785096 0.823739 0.858562 0.889173 0.915225 0.936425 0.952532 0.963365 0.968801 0.968778 0.963297 0.952419 0.936266 0.91502 0.888921 0.858263 0.823392 0.7847 0.742624 0.697638 0.650248 0.60099 0.550416 0.499098 0.447612 0.396538 0.346449 0.297909 0.251463 0.207632 0.166906 0.129742 0.0965538 0.067712 0.0435368 0.0242951 0.0101982 0.00139864 -0.00201118 0 
0 0.00326995 0.0118429 0.0256275 0.0444731 0.0681719 0.0964609 0.129025 0.1655 0.205478 0.248511 0.294116 0.341781 0.390969 0.441128 0.491692 0.542093 0.591762 0.640139 0.68668 0.730858 0.772177 0.810169 0.844405 0.8745 0.900113 0.920955 0.936791 0.947441 0.952786 0.952764 0.947375 0.936681 0.920801 0.899914 0.874255 0.844114 0.809831 0.771792 0.730424 0.686196 0.639604 0.591174 0.541451 0.490994 0.440372 0.390153 0.340901 0.293171 0.247498 0.204393 0.16434 0.127785 0.095138 0.0667611 0.0429692 0.0240248 0.0101355 0.00145108 -0.00193764 0 
0 0.00324731 0.0116883 0.0252336 0.0437357 0.066991 0.0947419 0.12668 0.162448 0.201647 0.243838 0.288547 0.335273 0.38349 0.432657 0.48222 0.531621 0.580304 0.627721 0.673336 0.716636 0.757133 0.794368 0.827923 0.857419 0.882522 0.902949 0.918469 0.928907 0.934145 0.934124 0.928843 0.918362 0.902799 0.882328 0.857181 0.827641 0.794041 0.756759 0.716216 0.672868 0.627203 0.579736 0.531 0.481545 0.431926 0.382702 0.334424 0.287636 0.242861 0.200602 0.161331 0.125488 0.0934708 0.0656362 0.0422924 0.0236964 0.0100515 0.00150432 -0.00185615 0 
0 0.00321829 0.0115063 0.0247768 0.0428859 0.0656348 0.092772 0.123996 0.15896 0.197272 0.238504 0.282194 0.327852 0.374965 0.423004 0.471429 0.519695 0.567258 0.613582 0.658147 0.700448 0.74001 0.776387 0.809167 0.837982 0.862505 0.88246 0.897622 0.90782 0.912937 0.912917 0.907758 0.897519 0.882316 0.862318 0.837752 0.808895 0.776071 0.73965 0.700043 0.657695 0.613083 0.56671 0.519097 0.47078 0.422302 0.374207 0.327037 0.281319 0.237567 0.19627 0.157891 0.122856 0.091557 0.0643408 0.0415085 0.0233109 0.00994644 0.00155825 -0.00176695 0 
0 0.003183 0.0112974 0.0242584 0.0419261 0.0641072 0.0905571 0.120983 0.155045 0.192365 0.232526 0.275076 0.319541 0.365421 0.4122 0.459353 0.50635 0.552662 0.597767 0.641157 0.682344 0.720863 0.75628 0.788195 0.816249 0.840125 0.859554 0.874316 0.884244 0.889226 0.889207 0.884184 0.874216 0.859414 0.839945 0.816029 0.787933 0.755976 0.720516 0.681954 0.640723 0.597287 0.552136 0.505777 0.458731 0.411527 0.364696 0.318762 0.274241 0.231632 0.191411 0.154027 0.119898 0.0894023 0.0628787 0.0406197 0.0228694 0.00982066 0.00161268 -0.00167029 0 
0 0.00314155 0.0110623 0.02368 0.0408593 0.0624129 0.0881037 0.117648 0.150717 0.186943 0.225921 0.267216 0.310366 0.354886 0.400277 0.446029 0.491628 0.536561 0.580322 0.622419 0.662378 0.699748 0.734108 0.765071 0.792288 0.815451 0.8343 0.848621 0.858252 0.863086 0.863067 0.858195 0.848525 0.834166 0.815278 0.792076 0.76482 0.733817 0.699416 0.662004 0.622004 0.579863 0.536058 0.49108 0.445435 0.399635 0.354195 0.309624 0.266422 0.225072 0.186037 0.149752 0.116622 0.0870129 0.061254 0.0396285 0.022373 0.00967438 0.00166737 -0.0015665 0 
0 0.00309402 0.0108014 0.0230431 0.0396883 0.0605565 0.0854188 0.114001 0.145986 0.181019 0.21871 0.258636 0.300352 0.343391 0.387269 0.431495 0.475572 0.519003 0.561301 0.60199 0.640611 0.67673 0.70994 0.739866 0.76617 0.788558 0.806774 0.820616 0.829925 0.834597 0.834578 0.82987 0.820524 0.806647 0.788393 0.765968 0.739626 0.709662 0.676414 0.640255 0.601594 0.560865 0.518525 0.475051 0.430931 0.38666 0.342736 0.29965 0.257885 0.217908 0.180166 0.145079 0.113037 0.0843953 0.0594709 0.0385374 0.0218229 0.0095078 0.001722 -0.00145596 0 
0 0.00304046 0.0105155 0.0223493 0.0384164 0.0585432 0.0825099 0.110053 0.140868 0.174613 0.210912 0.249362 0.289531 0.330971 0.373218 0.415797 0.458231 0.500043 0.540762 0.579932 0.617111 0.65188 0.683849 0.712656 0.737977 0.759527 0.777063 0.790387 0.799348 0.803845 0.803828 0.799296 0.7903 0.776941 0.75937 0.737785 0.712428 0.683585 0.651579 0.616773 0.579556 0.540348 0.49959 0.457738 0.415264 0.372643 0.330354 0.28887 0.248656 0.21016 0.173813 0.140019 0.109153 0.0815567 0.0575343 0.037349 0.0212203 0.00932103 0.00177617 -0.00133911 0 
0 0.00298091 0.0102051 0.0216003 0.0370466 0.0563782 0.0793849 0.105815 0.135376 0.167741 0.202552 0.23942 0.277934 0.317663 0.358163 0.39898 0.439657 0.479736 0.518767 0.556312 0.591948 0.625274 0.655914 0.683525 0.707795 0.728449 0.745256 0.758026 0.766615 0.770926 0.770909 0.766566 0.757944 0.745141 0.728301 0.707612 0.683309 0.655664 0.624989 0.591628 0.555957 0.518377 0.479309 0.439193 0.398479 0.357623 0.317084 0.277315 0.23876 0.201851 0.166997 0.134588 0.104981 0.0785044 0.0554488 0.0360661 0.0205661 0.00911411 0.00182937 -0.00121647 0 
0 0.00291534 0.00987072 0.0207976 0.0355823 0.0540671 0.0760521 0.101297 0.129525 0.160424 0.193652 0.228839 0.265594 0.303505 0.34215 0.381096 0.419906 0.458144 0.495382 0.531201 0.565198 0.596991 0.626222 0.652562 0.675715 0.695418 0.711452 0.723634 0.731827 0.73594 0.735924 0.731781 0.723556 0.711343 0.695278 0.675543 0.652359 0.625987 0.596723 0.564898 0.530867 0.495015 0.457744 0.419471 0.380627 0.341646 0.302966 0.265018 0.228227 0.193002 0.159737 0.128799 0.100532 0.0752462 0.0532195 0.0346914 0.0198614 0.00888691 0.00188094 -0.00108865 0 
0 0.00284367 0.00951277 0.0199429 0.0340268 0.0516155 0.0725199 0.0965129 0.123332 0.152682 0.184238 0.21765 0.252547 0.28854 0.325226 0.362196 0.399036 0.435332 0.470677 0.504675 0.536943 0.567118 0.594862 0.619861 0.641835 0.660536 0.675753 0.687315 0.695092 0.698994 0.69898 0.695048 0.687242 0.675651 0.660405 0.641674 0.619671 0.594641 0.566868 0.536662 0.504363 0.470335 0.434959 0.398631 0.36176 0.324758 0.28804 0.252015 0.217086 0.183641 0.152052 0.122669 0.0958167 0.0717899 0.0508511 0.0332273 0.0191071 0.00863912 0.00193007 -0.000956348 0 
0 0.00276572 0.00913157 0.0190375 0.0323832 0.0490289 0.068797 0.0914738 0.116812 0.144535 0.174335 0.205884 0.238831 0.27281 0.307441 0.342338 0.37711 0.411368 0.444727 0.476814 0.507268 0.535747 0.56193 0.585523 0.606261 0.62391 0.638271 0.649182 0.656521 0.660204 0.66019 0.65648 0.649114 0.638175 0.623787 0.606111 0.585346 0.561725 0.535514 0.507007 0.476525 0.44441 0.411022 0.376735 0.341935 0.307009 0.27235 0.238343 0.205368 0.173791 0.143963 0.116213 0.0908471 0.0681434 0.0483486 0.0316762 0.0183036 0.00837018 0.00197573 -0.000820405 0 
0 0.00268122 0.00872721 0.0180827 0.0306546 0.0463128 0.0648919 0.0861924 0.109983 0.136005 0.163972 0.193574 0.224485 0.25636 0.288846 0.321579 0.354193 0.386324 0.417611 0.447704 0.476265 0.502973 0.527528 0.549653 0.569101 0.585652 0.599119 0.609352 0.616234 0.619688 0.619675 0.616196 0.609288 0.599031 0.585538 0.568962 0.549489 0.527337 0.502757 0.476023 0.447437 0.417318 0.386005 0.353849 0.321209 0.288451 0.255941 0.22404 0.193106 0.16348 0.13549 0.109447 0.0856349 0.0643145 0.0457165 0.0300403 0.0174513 0.00807921 0.00201663 -0.000681799 0 
0 0.00258975 0.00829957 0.0170793 0.0288435 0.0434725 0.0608131 0.080681 0.102862 0.127115 0.153175 0.180754 0.209549 0.239239 0.269495 0.29998 0.330353 0.360274 0.389409 0.417431 0.444027 0.468896 0.49176 0.512362 0.53047 0.545881 0.55842 0.567948 0.574356 0.577572 0.577561 0.574321 0.56789 0.558339 0.545776 0.530342 0.51221 0.491585 0.468697 0.443805 0.417187 0.389141 0.359983 0.330039 0.299643 0.269137 0.238859 0.209148 0.180333 0.152735 0.126657 0.102388 0.0801918 0.0603109 0.0429592 0.0283212 0.0165499 0.00776491 0.00205119 -0.000541689 0 
0 0.00249068 0.00784817 0.0160278 0.0269523 0.0405126 0.0565688 0.0749519 0.0954652 0.117887 0.141973 0.167459 0.194064 0.221495 0.249445 0.277605 0.30566 0.333297 0.360208 0.386089 0.410652 0.433621 0.454737 0.473764 0.490488 0.50472 0.516301 0.5251 0.531018 0.533988 0.533978 0.530986 0.525047 0.516226 0.504624 0.49037 0.473625 0.454577 0.43344 0.41045 0.385866 0.359964 0.333033 0.305376 0.277301 0.249122 0.221153 0.193706 0.167084 0.141583 0.117484 0.0950512 0.0745291 0.0561399 0.0400804 0.02652 0.0155987 0.00742546 0.00207738 -0.000401459 0 
0 0.00238315 0.00737209 0.014928 0.0249824 0.0374373 0.0521666 0.0690169 0.0878097 0.108343 0.130395 0.153724 0.178074 0.203177 0.228753 0.254519 0.280189 0.305474 0.330094 0.353772 0.376243 0.397256 0.416573 0.433979 0.449278 0.462298 0.472892 0.480941 0.486355 0.489072 0.489063 0.486326 0.480893 0.472824 0.462211 0.449172 0.433854 0.416429 0.397092 0.376061 0.353571 0.329875 0.305237 0.279934 0.254247 0.228465 0.202873 0.177757 0.153394 0.130054 0.107994 0.0874539 0.0686579 0.051808 0.037083 0.0246368 0.0145959 0.00705835 0.00209267 -0.000262777 0 
0 0.00226598 0.0068698 0.0137791 0.0229346 0.0342499 0.0476131 0.0628871 0.079912 0.0985065 0.11847 0.139586 0.161622 0.184337 0.207478 0.23079 0.254013 0.276888 0.29916 0.320579 0.340906 0.359913 0.377388 0.393132 0.406971 0.418748 0.42833 0.435611 0.440508 0.442966 0.442958 0.440482 0.435568 0.42827 0.41867 0.406876 0.39302 0.377258 0.359767 0.340743 0.3204 0.298964 0.276677 0.253787 0.230549 0.207224 0.18407 0.161344 0.139299 0.118176 0.0982075 0.0796114 0.0625885 0.0473209 0.0339691 0.0226709 0.013539 0.00666016 0.00209389 -0.000127671 0 
0 0.00213751 0.00633895 0.0125791 0.0208082 0.0309524 0.042914 0.0565728 0.0717877 0.0883982 0.106226 0.125079 0.144751 0.165026 0.185681 0.206486 0.22721 0.247624 0.267498 0.286611 0.30475 0.32171 0.337302 0.351351 0.363699 0.374207 0.382757 0.389254 0.393623 0.395816 0.395809 0.3936 0.389215 0.382703 0.374138 0.363614 0.351252 0.337188 0.321581 0.304606 0.286453 0.267326 0.247438 0.227012 0.206275 0.185459 0.164795 0.144512 0.124833 0.105976 0.0881468 0.0715386 0.0563303 0.0426831 0.0307393 0.0206201 0.0124241 0.0062263 0.00207693 1.35138e-06 0 
0 0.0019955 0.00577606 0.0113244 0.0186011 0.0275451 0.0380733 0.0500829 0.0634514 0.0780396 0.0936924 0.110241 0.127506 0.145299 0.163423 0.181677 0.19986 0.21777 0.235206 0.251974 0.267886 0.282765 0.296443 0.308767 0.319599 0.328817 0.336317 0.342016 0.345849 0.347773 0.347767 0.345829 0.341983 0.336271 0.328757 0.319526 0.30868 0.296343 0.282652 0.267761 0.251837 0.235057 0.21761 0.199689 0.181496 0.163233 0.145101 0.127303 0.110034 0.0934834 0.0778323 0.0632496 0.0498912 0.0378977 0.0273926 0.0184804 0.0112455 0.00575065 0.00203655 0.000121139 0 
0 0.00183682 0.0051761 0.0100096 0.016309 0.0240261 0.0330933 0.0434243 0.0549163 0.0674508 0.0808958 0.0951074 0.109932 0.125207 0.140766 0.156436 0.172043 0.187416 0.202381 0.216773 0.23043 0.2432 0.254939 0.265516 0.274813 0.282724 0.289161 0.294052 0.297341 0.298993 0.298987 0.297324 0.294023 0.289121 0.282672 0.27475 0.265442 0.254854 0.243104 0.230324 0.216656 0.202255 0.18728 0.171899 0.156283 0.140606 0.125042 0.109762 0.094936 0.080725 0.0672837 0.0547569 0.0432777 0.0329658 0.0239257 0.0162455 0.009995 0.00522497 0.00196587 0.000227641 0 
0 0.00165703 0.00453176 0.00862634 0.0139244 0.0203909 0.0279732 0.0366022 0.0461938 0.0566505 0.0678633 0.0797129 0.0920716 0.104805 0.117773 0.130834 0.143842 0.156653 0.169125 0.181118 0.192499 0.203141 0.212923 0.221738 0.229484 0.236077 0.241441 0.245517 0.248258 0.249634 0.249629 0.248244 0.245493 0.241408 0.236034 0.229432 0.221676 0.212853 0.203062 0.192411 0.181022 0.16902 0.156541 0.143723 0.130708 0.117643 0.10467 0.0919344 0.0795751 0.0677273 0.0565195 0.0460717 0.0364943 0.0278859 0.0203327 0.013906 0.00866168 0.00463816 0.00185569 0.000315493 0 
0 0.00144972 0.00383238 0.0071625 0.0114361 0.0166312 0.0227096 0.0296187 0.037293 0.0456557 0.0546203 0.0640922 0.0739696 0.0841454 0.0945083 0.104944 0.115338 0.125574 0.135539 0.145121 0.154214 0.162716 0.170531 0.177573 0.183762 0.189029 0.193315 0.196571 0.198761 0.19986 0.199856 0.198749 0.196552 0.193288 0.188995 0.183721 0.177524 0.170475 0.162653 0.154144 0.145044 0.135456 0.125485 0.115244 0.104845 0.0944055 0.0840399 0.0738626 0.0639855 0.0545162 0.0455569 0.0372033 0.029543 0.0226541 0.0166043 0.0114491 0.00723035 0.00397509 0.00169342 0.000377297 0 
0 0.00120505 0.00306205 0.00560013 0.00882742 0.012734 0.0172949 0.0224731 0.0282208 0.0344814 0.041191 0.0482789 0.0556693 0.0632824 0.0710349 0.0788417 0.0866166 0.0942735 0.101727 0.108895 0.115696 0.122055 0.127901 0.133168 0.137797 0.141737 0.144942 0.147377 0.149015 0.149837 0.149835 0.149007 0.147363 0.144922 0.141711 0.137766 0.133132 0.127859 0.122008 0.115644 0.108838 0.101665 0.0942074 0.0865466 0.0787684 0.0709589 0.0632045 0.0555908 0.0482011 0.0411157 0.0344111 0.0281586 0.0224231 0.0172628 0.0127273 0.00885678 0.00568052 0.00321492 0.00146118 0.000402258 0 
0 0.000906903 0.00219636 0.00391318 0.00607492 0.00868076 0.0117171 0.0151608 0.018981 0.0231407 0.0275977 0.0323052 0.0372133 0.0422688 0.0474167 0.0526004 0.0577627 0.0628466 0.0677955 0.0725543 0.07707 0.081292 0.0851732 0.0886701 0.0917434 0.0943589 0.0964869 0.0981038 0.0991913 0.0997371 0.0997352 0.0991856 0.0980943 0.0964737 0.0943419 0.0917228 0.0886458 0.0851454 0.0812607 0.0770353 0.0725164 0.0677545 0.0628028 0.0577164 0.0525519 0.0473665 0.0422176 0.0371618 0.0322545 0.0275489 0.0230958 0.0189421 0.0151311 0.0117007 0.00868366 0.00610566 0.00398463 0.00232861 0.00113262 0.000373291 0 
0 0.000525867 0.00119656 0.00206404 0.0031464 0.00444663 0.00595937 0.00767372 0.00957471 0.0116441 0.013861 0.0162024 0.0186432 0.0211573 0.0237172 0.0262949 0.0288618 0.0313897 0.0338505 0.0362167 0.038462 0.0405613 0.0424911 0.0442297 0.0457579 0.0470583 0.0481164 0.0489203 0.049461 0.0497324 0.0497314 0.0494581 0.0489156 0.0481098 0.0470498 0.0457476 0.0442176 0.0424772 0.0405456 0.0384447 0.0361978 0.03383 0.0313679 0.0288387 0.0262707 0.0236923 0.0211319 0.0186178 0.0161773 0.0138371 0.0116222 0.00955609 0.00765999 0.00595281 0.00445053 0.00316566 0.00210646 0.00127553 0.00066706 0.000260088 0 
0 0 0 0 0 0 0 0 0 0 0 0 0 0 0 0 0 0 0 0 0 0 0 0 0 0 0 0 0 0 0 0 0 0 0 0 0 0 0 0 0 0 0 0 0 0 0 0 0 0 0 0 0 0 0 0 0 0 0 0 0 