0.00368151 0.0153698 0.0330551 0.0541727 0.0759741 0.0958574 0.111641 0.121765 0.125398 0.122466 0.11359 0.0999522 0.083121 0.0648448 0.0468473 0.0306424 0.0173891 0.00779653 0.00208481 
0.00672529 0.0290859 0.0631176 0.103833 0.145906 0.184303 0.214801 0.234378 0.241424 0.23579 0.218669 0.192345 0.15985 0.124565 0.0898282 0.0585728 0.0330487 0.0146377 0.00377881 
0.00895187 0.0406768 0.0893535 0.14775 0.208178 0.263373 0.307249 0.335443 0.345629 0.33758 0.313005 0.275189 0.228493 0.177794 0.127902 0.0830557 0.0465096 0.0202701 0.00498706 
0.0103196 0.0498995 0.111212 0.18501 0.261497 0.331435 0.387081 0.422884 0.435872 0.425745 0.39466 0.346777 0.287637 0.223431 0.160283 0.103589 0.0575011 0.0245883 0.00569512 
0.0108719 0.0566752 0.128377 0.214988 0.304914 0.387234 0.452798 0.495036 0.510427 0.498597 0.462074 0.405759 0.336182 0.260658 0.186422 0.119861 0.0658966 0.0275818 0.00593412 
0.0107091 0.0610513 0.140731 0.237338 0.337825 0.429921 0.503346 0.550711 0.568048 0.554915 0.51413 0.451178 0.37338 0.288943 0.206 0.131732 0.0716856 0.029309 0.00576511 
0.00996997 0.0631753 0.148335 0.251972 0.359968 0.45906 0.538142 0.589225 0.608005 0.593982 0.55018 0.4825 0.398835 0.308044 0.218915 0.139216 0.0749563 0.0298817 0.00526982 
0.0088175 0.0632723 0.151402 0.259043 0.371408 0.474625 0.557077 0.610406 0.630094 0.615598 0.570054 0.499611 0.412507 0.317998 0.225272 0.142466 0.0758797 0.0294527 0.00454344 
0.00742547 0.0616235 0.150275 0.258921 0.372521 0.47698 0.5605 0.614584 0.63463 0.620065 0.574051 0.502812 0.414698 0.319105 0.225366 0.141757 0.0746948 0.0282039 0.00368816 
0.00596632 0.0585453 0.145396 0.252162 0.363956 0.466852 0.549189 0.602565 0.622419 0.608167 0.562911 0.492784 0.406024 0.311905 0.219656 0.137465 0.071691 0.026334 0.00280668 
0.00459909 0.0543671 0.13728 0.23947 0.346604 0.445289 0.52431 0.575585 0.594716 0.581126 0.537782 0.470564 0.38738 0.297148 0.208741 0.130045 0.0671901 0.0240459 0.00199572 
0.0034578 0.04941 0.126483 0.221666 0.321548 0.413609 0.487367 0.535261 0.553175 0.540556 0.500165 0.437487 0.359907 0.275754 0.193326 0.120003 0.0615266 0.0215334 0.00133934 
0.00263999 0.0439643 0.113572 0.199644 0.29002 0.373351 0.440139 0.483529 0.499784 0.488397 0.451862 0.395145 0.324933 0.248774 0.174189 0.107869 0.055026 0.018967 0.000902062 
0.00219525 0.0382679 0.0990923 0.174329 0.253346 0.326215 0.384624 0.422577 0.4368 0.426852 0.394912 0.345323 0.283935 0.21735 0.152144 0.0941682 0.0479824 0.0164786 0.00072134 
0.00211304 0.0324847 0.0835364 0.146643 0.212904 0.274002 0.322967 0.354773 0.36668 0.358321 0.331528 0.289947 0.238481 0.182664 0.128002 0.0793896 0.0406344 0.0141445 0.000798761 
0.00230822 0.0266823 0.067318 0.117459 0.17007 0.218558 0.257396 0.2826 0.292004 0.285327 0.264033 0.23102 0.190182 0.145903 0.102539 0.0639538 0.0331375 0.0119639 0.00108819 
0.00260129 0.0208096 0.0507442 0.0875743 0.126175 0.161719 0.190159 0.20858 0.215409 0.210454 0.194799 0.170579 0.14065 0.108219 0.0764615 0.0481822 0.025533 0.00983053 0.00147702 
0.00268696 0.0146733 0.0339956 0.0576816 0.082468 0.10526 0.123463 0.135217 0.139525 0.13628 0.126192 0.110639 0.0914565 0.0706943 0.0503742 0.0322669 0.017712 0.00748996 0.00175081 
0.00207831 0.00791534 0.0171134 0.0283469 0.0400797 0.0508462 0.0594206 0.0649292 0.0669105 0.0653255 0.0605212 0.0531568 0.0441025 0.0343237 0.0247654 0.0162471 0.00937494 0.00447295 0.00151538 
