0.00093471 0.00427785 0.00974077 0.0169304 0.0253835 0.0345976 0.0440597 0.0532722 0.0617766 0.0691729 0.0751353 0.079423 0.0818867 0.0824698 0.0812057 0.0782103 0.0736721 0.0678384 0.061 0.0534751 0.0455921 0.0376738 0.0300219 0.0229043 0.016544 0.0111113 0.0067184 0.00341702 0.00119921 
0.00173624 0.00822607 0.0188878 0.0329441 0.049484 0.0675211 0.0860491 0.104092 0.120752 0.135243 0.146928 0.155333 0.160166 0.161315 0.158844 0.152982 0.144096 0.132672 0.119278 0.10454 0.0891005 0.0735926 0.0586086 0.0446742 0.0322275 0.0216032 0.0130225 0.00658881 0.00228897 
0.0023536 0.0117343 0.0272658 0.0477965 0.0719846 0.0983805 0.125507 0.151932 0.176338 0.197573 0.2147 0.227026 0.234119 0.235816 0.232209 0.223632 0.210624 0.193895 0.17428 0.152694 0.130082 0.107373 0.0854358 0.0650426 0.0468378 0.0313141 0.0187981 0.00944422 0.00323678 
0.00276341 0.0147376 0.0347553 0.0613043 0.0926316 0.126849 0.162032 0.196322 0.228001 0.255574 0.277821 0.29384 0.303068 0.305291 0.30063 0.289513 0.272643 0.250939 0.225489 0.19748 0.168141 0.13868 0.110229 0.0837926 0.0602114 0.0401281 0.0239703 0.011942 0.00402659 
0.00295983 0.0172025 0.041279 0.0733334 0.111226 0.152656 0.195286 0.236851 0.275268 0.308718 0.335718 0.355171 0.366391 0.369116 0.36349 0.350032 0.329593 0.30329 0.272441 0.238489 0.202928 0.167225 0.132758 0.10075 0.0722232 0.0479627 0.028491 0.0140596 0.00465201 
0.00294918 0.0191193 0.0467926 0.0837916 0.127617 0.175589 0.224986 0.273175 0.317734 0.356548 0.387892 0.410488 0.423538 0.426735 0.420242 0.404662 0.38098 0.350492 0.314729 0.275369 0.234146 0.192768 0.152837 0.115777 0.0827806 0.0547618 0.0323323 0.0157878 0.0051132 
0.00274667 0.0204963 0.0512795 0.0926228 0.141699 0.195484 0.250911 0.305014 0.355064 0.398679 0.433917 0.459337 0.474039 0.477672 0.470418 0.452953 0.426381 0.392161 0.352013 0.307826 0.261552 0.215116 0.17032 0.128774 0.0918195 0.0604918 0.0354823 0.017128 0.00541518 
0.00237418 0.0213564 0.0547464 0.0998034 0.153408 0.212231 0.272899 0.332154 0.386995 0.434808 0.473455 0.501353 0.517511 0.52154 0.513636 0.494537 0.465454 0.427985 0.38402 0.335629 0.284959 0.234122 0.185104 0.13967 0.0993025 0.0651388 0.0379432 0.0180898 0.00556688 
0.00185862 0.0217344 0.0572196 0.105338 0.162718 0.225766 0.290845 0.354447 0.413341 0.46471 0.506252 0.536261 0.553665 0.558044 0.549604 0.529136 0.497939 0.457733 0.410547 0.35861 0.304232 0.24969 0.197121 0.148431 0.105216 0.0687069 0.0397293 0.01869 0.00558034 
0.00123054 0.0216745 0.0587425 0.109259 0.169639 0.23607 0.304701 0.371814 0.43399 0.488246 0.532145 0.563878 0.582308 0.586986 0.578126 0.556562 0.523665 0.48125 0.431464 0.376665 0.319296 0.261769 0.206347 0.15505 0.109571 0.0712169 0.0408657 0.018952 0.00547023 
0.000522943 0.021228 0.0593729 0.11162 0.174214 0.243171 0.314472 0.384238 0.448904 0.505358 0.551058 0.584115 0.603341 0.608263 0.599102 0.57672 0.542545 0.498464 0.446716 0.389754 0.330129 0.270354 0.212791 0.159549 0.112399 0.0727042 0.0413869 0.0189039 0.00525324 
-0.000229785 0.020452 0.0591807 0.112495 0.176515 0.247136 0.320217 0.391768 0.458119 0.51607 0.563005 0.596977 0.616762 0.62187 0.612524 0.589605 0.554578 0.509383 0.456315 0.397902 0.336763 0.275484 0.2165 0.16198 0.11375 0.0732181 0.0413359 0.0185783 0.00494767 
-0.000992947 0.019407 0.0582449 0.111976 0.176644 0.24807 0.322042 0.394508 0.461739 0.520484 0.568083 0.602559 0.622664 0.627897 0.618479 0.595303 0.55985 0.514088 0.460348 0.401191 0.33928 0.277243 0.217553 0.162418 0.113695 0.0728193 0.0407625 0.0180114 0.0045729 
-0.00173251 0.0181553 0.0566517 0.110171 0.174725 0.246111 0.3201 0.392622 0.459935 0.518776 0.566474 0.601044 0.621229 0.626523 0.617145 0.593985 0.558527 0.51274 0.458962 0.399763 0.337814 0.275752 0.216061 0.160961 0.112318 0.0715788 0.0397221 0.0172415 0.00414888 
-0.00241607 0.016759 0.0544914 0.107196 0.170901 0.24143 0.314583 0.386323 0.452939 0.511193 0.558436 0.592696 0.612725 0.618016 0.608783 0.585905 0.55085 0.505568 0.452373 0.393815 0.33254 0.271167 0.212161 0.157727 0.109719 0.0695757 0.038274 0.0163084 0.00369567 
-0.0030138 0.0152784 0.0518565 0.103178 0.165333 0.23422 0.30572 0.375872 0.441039 0.498047 0.544298 0.577857 0.597499 0.602723 0.593736 0.571394 0.537134 0.492864 0.44085 0.38359 0.323678 0.263681 0.206018 0.152852 0.106007 0.0668953 0.0364804 0.0152524 0.00323288 
-0.00349931 0.0137704 0.0488386 0.0982471 0.158195 0.2247 0.29377 0.36157 0.424574 0.479708 0.524456 0.556941 0.575974 0.581068 0.572419 0.550854 0.51776 0.474983 0.424717 0.369379 0.311481 0.253511 0.197814 0.146487 0.1013 0.0636267 0.0344043 0.0141129 0.00277916 
-0.00385056 0.0122864 0.0455263 0.0925363 0.149667 0.213103 0.279022 0.343753 0.403927 0.456599 0.499363 0.530423 0.548638 0.553541 0.545315 0.524749 0.493168 0.452334 0.404345 0.351511 0.296236 0.240901 0.187749 0.138791 0.0957224 0.059861 0.0321079 0.0129278 0.00235169 
-0.00405068 0.0108708 0.0420024 0.0861761 0.139936 0.199674 0.26178 0.322789 0.379517 0.429187 0.469526 0.498836 0.516039 0.520692 0.512966 0.493603 0.46385 0.425371 0.380144 0.330349 0.278257 0.226113 0.176039 0.129934 0.0894012 0.0556887 0.0296512 0.0117319 0.00196558 
-0.00408882 0.00955949 0.0383416 0.0792926 0.129188 0.184666 0.242367 0.299065 0.351797 0.397978 0.435493 0.462759 0.478775 0.483124 0.475964 0.457984 0.430344 0.394589 0.35256 0.306285 0.257876 0.209425 0.162905 0.120086 0.0824623 0.0511973 0.0270897 0.010556 0.00163334 
-0.00396097 0.00837788 0.0346082 0.0720037 0.117606 0.168337 0.221115 0.272988 0.321241 0.363507 0.397847 0.422813 0.437485 0.441481 0.434944 0.418505 0.393224 0.360516 0.322065 0.27973 0.235444 0.191122 0.148574 0.10942 0.0750289 0.0464689 0.024473 0.00942549 0.00136423 
-0.00367091 0.00733944 0.0308533 0.0644161 0.105367 0.150938 0.198359 0.244973 0.28834 0.326331 0.357201 0.379647 0.392843 0.396443 0.390576 0.375808 0.353094 0.323704 0.289154 0.251112 0.21132 0.171498 0.133273 0.0981023 0.0672171 0.0415773 0.0218424 0.00835907 0.0011636 
-0.0032312 0.00644373 0.0271128 0.0566226 0.0926362 0.132718 0.174433 0.215442 0.253596 0.287022 0.314184 0.333934 0.345545 0.348714 0.343554 0.330563 0.31058 0.284726 0.254333 0.22087 0.185869 0.150843 0.117225 0.0862938 0.0591329 0.0365849 0.0192285 0.00736696 0.00103197 
-0.00266456 0.00567436 0.0234048 0.048699 0.0795636 0.113915 0.149667 0.184813 0.217514 0.246161 0.269437 0.286361 0.296307 0.299017 0.294589 0.283451 0.266322 0.244164 0.218118 0.189444 0.159454 0.129446 0.100643 0.0741426 0.0508687 0.0315401 0.0166484 0.00644882 0.000963989 
-0.00200567 0.00499652 0.0197268 0.0407018 0.0662836 0.0947514 0.124377 0.1535 0.180594 0.204325 0.223605 0.237618 0.245848 0.248083 0.244403 0.235165 0.220967 0.202605 0.181027 0.157275 0.132436 0.107584 0.0837305 0.0617817 0.0424991 0.0264727 0.0141025 0.00559096 0.000946779 
-0.00130412 0.00435385 0.0160541 0.0326657 0.0529105 0.0754333 0.0988687 0.121903 0.143328 0.16209 0.177327 0.188396 0.194889 0.19664 0.193715 0.186398 0.175161 0.160636 0.143572 0.124795 0.105163 0.0855224 0.0666723 0.049325 0.0340777 0.0213904 0.0115696 0.00476218 0.000957386 
-0.000629228 0.0036644 0.0123361 0.0246021 0.039537 0.0561467 0.0734254 0.090404 0.106192 0.120013 0.13123 0.139373 0.144141 0.145414 0.143241 0.137834 0.129543 0.118834 0.106259 0.0924281 0.0779711 0.0635117 0.0496355 0.0368641 0.0256327 0.0162732 0.00900089 0.00390733 0.000958148 
-7.87561e-05 0.00281549 0.00849571 0.0164983 0.0262332 0.0370558 0.0483109 0.0593668 0.0696431 0.0786337 0.0859258 0.0912123 0.0943001 0.0951115 0.0936813 0.0901479 0.0847409 0.0777648 0.0695799 0.0605821 0.0511817 0.0417832 0.0327658 0.0244661 0.0171637 0.0110687 0.00631205 0.00293663 0.000887353 
0.000204517 0.00165766 0.00442747 0.00831726 0.013046 0.0183013 0.0237647 0.0291288 0.0341118 0.038468 0.0419974 0.0445519 0.0460384 0.0464204 0.0457159 0.0439931 0.0413642 0.0379776 0.0340084 0.0296486 0.0250969 0.0205487 0.0161867 0.0121726 0.00863978 0.00568715 0.00337314 0.00170797 0.000637713 
