1.58163e-05 3.22651e-05 4.92485e-05 6.66595e-05 8.43826e-05 0.000102295 0.000120267 0.000138163 0.000155844 0.000173167 0.000189988 0.00020616 0.00022154 0.000235988 0.000249364 0.000261539 0.000272387 0.000281792 0.000289648 0.000295859 0.000300341 0.000303024 0.00030385 0.000302776 0.000299772 0.000294823 0.00028793 0.000279106 0.000268378 0.000255786 0.000241383 0.000225233 0.000207408 0.00018799 0.000167069 0.00014474 0.000121101 9.6254e-05 7.03005e-05 4.33419e-05 1.54767e-05 1.32006e-05 4.26011e-05 7.26433e-05 0.000103254 0.00013437 0.000165938 0.000197917 0.000230279 
3.1715e-05 6.4692e-05 9.87349e-05 0.000133629 0.000169145 0.000205036 0.000241042 0.000276894 0.000312312 0.000347011 0.000380701 0.000413091 0.000443895 0.00047283 0.000499621 0.000524005 0.000545733 0.000564572 0.000580311 0.000592758 0.000601746 0.000607133 0.000608803 0.000606671 0.000600678 0.000590794 0.000577019 0.00055938 0.000537932 0.000512755 0.000483954 0.000451656 0.000416008 0.000377174 0.000335332 0.000290671 0.00024339 0.000193692 0.000141779 8.78554e-05 3.21177e-05 2.52451e-05 8.40551e-05 0.000144149 0.00020538 0.000267622 0.000330768 0.000394736 0.000459468 
4.77787e-05 9.74428e-05 0.000148697 0.000201221 0.000254668 0.000308669 0.000362836 0.000416762 0.000470029 0.000522208 0.000572866 0.000621568 0.000667883 0.000711386 0.000751666 0.000788329 0.000821002 0.000849336 0.000873012 0.000891745 0.000905284 0.000913415 0.000915968 0.000912811 0.000903858 0.000889065 0.00086843 0.000841995 0.000809842 0.000772093 0.000728903 0.000680465 0.000626997 0.000568747 0.000505982 0.000438986 0.000368056 0.000293497 0.000215614 0.000134712 5.10866e-05 3.49785e-05 0.000123216 0.000213382 0.000305254 0.000398642 0.000493386 0.000589363 0.000686485 
6.40905e-05 0.00013068 0.000199376 0.000269748 0.000341336 0.000413646 0.000486161 0.000558339 0.000629624 0.000699443 0.000767219 0.000832372 0.000894328 0.000952521 0.0010064 0.00105545 0.00109917 0.00113708 0.00116878 0.00119388 0.00121203 0.00122297 0.00122646 0.00122233 0.00121046 0.0011908 0.00116334 0.00112813 0.0010853 0.00103499 0.00097743 0.000912859 0.000841577 0.000763911 0.000680219 0.00059088 0.000496291 0.000396856 0.000292985 0.000185083 7.35461e-05 4.12479e-05 0.000158942 0.000279209 0.000401753 0.00052632 0.000652695 0.000780711 0.000910251 
8.0734e-05 0.000164569 0.000251012 0.000339526 0.000429533 0.000520419 0.000611535 0.000702206 0.000791734 0.000879406 0.0009645 0.00104629 0.00112406 0.00119711 0.00126475 0.00132632 0.00138121 0.00142884 0.00146866 0.00150022 0.00152309 0.00153692 0.00154142 0.00153638 0.00152166 0.00149717 0.00146293 0.00141899 0.0013655 0.00130267 0.00123074 0.00115005 0.00106096 0.000963875 0.00085925 0.000747555 0.000629289 0.000504957 0.000375071 0.00024014 0.000100657 4.29035e-05 0.000190095 0.000340505 0.000493766 0.000649556 0.000807605 0.000967704 0.0011297 
9.77933e-05 0.000199274 0.000303848 0.000410872 0.000519651 0.000629447 0.000739483 0.000848947 0.000957004 0.0010628 0.00116546 0.00126413 0.00135794 0.00144605 0.00152764 0.00160192 0.00166814 0.00172563 0.00177372 0.00181187 0.00183957 0.00185639 0.001862 0.00185614 0.00183862 0.00180938 0.00176841 0.00171578 0.00165168 0.00157633 0.00149007 0.00139327 0.00128636 0.00116986 0.00104429 0.00091022 0.000768251 0.000618991 0.000463055 0.000301052 0.000133577 3.88e-05 0.000215541 0.000396152 0.000580188 0.000767259 0.000957042 0.00114928 0.00134379 
0.000115354 0.000234962 0.000358133 0.000484111 0.000612086 0.000741197 0.000870537 0.000999159 0.00112609 0.00125033 0.00137087 0.00148671 0.00159683 0.00170025 0.00179602 0.00188322 0.00196099 0.00202851 0.00208506 0.00212995 0.00216261 0.00218256 0.00218938 0.00218279 0.00216258 0.00212865 0.00208101 0.00201975 0.00194506 0.00185724 0.00175665 0.00164374 0.00151903 0.0013831 0.00123656 0.00108009 0.000914384 0.000740154 0.000558118 0.000368989 0.000173461 2.77969e-05 0.000234158 0.000445041 0.000659926 0.000878355 0.00109995 0.0013244 0.00155149 
0.000133501 0.000271805 0.000414115 0.000559569 0.00070724 0.000856142 0.00100524 0.00115345 0.00129966 0.00144273 0.00158152 0.00171486 0.00184161 0.00196064 0.00207087 0.00217126 0.00226081 0.00233859 0.00240378 0.0024556 0.0024934 0.00251661 0.00252478 0.00251758 0.00249477 0.00245624 0.002402 0.00233215 0.00224693 0.00214666 0.00203176 0.00190275 0.00176022 0.00160483 0.0014373 0.00125839 0.0010689 0.000869645 0.000661446 0.000445119 0.000221462 8.76057e-06 0.000244828 0.000486076 0.000731902 0.000981782 0.00123527 0.00149203 0.00175178 
0.000152324 0.000309973 0.000472049 0.00063758 0.000805521 0.000974763 0.00114414 0.00131244 0.0014784 0.00164075 0.0017982 0.00194944 0.00209319 0.00222818 0.0023532 0.00246707 0.00256868 0.00265698 0.00273104 0.00279 0.00283313 0.00285978 0.00286946 0.00286177 0.00283647 0.00279344 0.00273267 0.0026543 0.00255858 0.00244588 0.00231669 0.00217157 0.00201121 0.00183634 0.00164777 0.00144637 0.00123303 0.00100867 0.000774225 0.000530611 0.000278726 1.94354e-05 0.000246448 0.000518171 0.000795055 0.0010765 0.00136201 0.00165118 0.00194371 
0.00017191 0.000349641 0.000532194 0.000718483 0.000907348 0.00109755 0.00128781 0.00147676 0.00166301 0.00184515 0.00202174 0.00219133 0.00235251 0.00250387 0.00264405 0.00277174 0.00288573 0.00298485 0.00306805 0.0031344 0.00318307 0.00321335 0.0032247 0.00321668 0.00318902 0.00314158 0.00307437 0.00298753 0.00288135 0.00275625 0.00261276 0.00245153 0.0022733 0.0020789 0.00186924 0.00164527 0.001408 0.00115844 0.000897647 0.00062663 0.000346396 5.79087e-05 0.000237924 0.000540261 0.000848342 0.0011615 0.00147916 0.00180088 0.00212631 
0.00019235 0.000390989 0.000594812 0.000802624 0.00101315 0.00122502 0.00143682 0.00164706 0.00185421 0.00205671 0.00225299 0.00244146 0.00262055 0.00278872 0.00294448 0.0030864 0.00321312 0.00332339 0.00341605 0.00349006 0.00354451 0.00357866 0.00359186 0.00358367 0.00355378 0.00350205 0.00342847 0.00333323 0.00321663 0.00307914 0.00292135 0.00274397 0.00254783 0.00233384 0.002103 0.00185637 0.00159505 0.00132018 0.0010329 0.000734341 0.000425608 0.000107767 0.000218177 0.000551294 0.00089074 0.00123577 0.00158576 0.00194019 0.00229867 
0.000213736 0.000434197 0.000660173 0.000890357 0.00112335 0.00135767 0.00159176 0.00182401 0.00205274 0.00227626 0.00249283 0.00270075 0.0028983 0.0030838 0.00325562 0.00341221 0.00355209 0.00367388 0.00377633 0.00385831 0.00391884 0.00395707 0.00397235 0.00396417 0.0039322 0.00387628 0.00379644 0.00369284 0.00356586 0.00341598 0.00324386 0.00305029 0.00283616 0.00260249 0.00235037 0.00208095 0.00179545 0.00149512 0.00118119 0.000854907 0.000517492 0.000170107 0.000186144 0.00055024 0.000921252 0.00129836 0.00168087 0.0020682 0.00245993 
0.000236161 0.000479449 0.000728549 0.000982041 0.00123841 0.00149604 0.00175326 0.0020083 0.00225937 0.00250461 0.00274218 0.00297019 0.00318681 0.00339021 0.00357863 0.00375039 0.00390388 0.00403763 0.00415026 0.00424056 0.00430746 0.00435006 0.00436765 0.00435967 0.00432577 0.00426579 0.00417976 0.00406786 0.0039305 0.00376822 0.00358174 0.0033719 0.0031397 0.00288623 0.00261269 0.00232033 0.00201047 0.00168448 0.0013437 0.000989489 0.00062317 0.000246013 0.000140779 0.00053609 0.000938906 0.00134833 0.00176359 0.00218406 0.00260925 
0.00025972 0.000526935 0.000800222 0.00107805 0.00135877 0.00164067 0.00192192 0.00220063 0.00247487 0.00274265 0.00300196 0.0032508 0.00348716 0.00370911 0.00391473 0.00410222 0.00426984 0.00441601 0.00453926 0.00463826 0.00471188 0.00475915 0.00477929 0.00477172 0.00473606 0.00467215 0.00458 0.00445985 0.00431212 0.00413741 0.00393649 0.00371029 0.00345989 0.00318647 0.00289132 0.00257583 0.0022414 0.00188951 0.00152164 0.00113924 0.000743755 0.000336555 8.10533e-05 0.000507859 0.000942758 0.00138477 0.00183306 0.00228693 0.00274584 
0.000284511 0.000576846 0.000875474 0.00117875 0.00148491 0.00179211 0.0020984 0.00240175 0.00270008 0.00299127 0.00327316 0.00354362 0.00380049 0.00404169 0.00426519 0.00446902 0.00465136 0.00481048 0.00494482 0.00505296 0.00513367 0.00518593 0.00520891 0.00520197 0.00516473 0.00509701 0.00499883 0.00487045 0.00471233 0.00452513 0.00430968 0.00406699 0.00379822 0.00350465 0.00318769 0.0028488 0.00248954 0.00211148 0.00171621 0.00130532 0.000880352 0.000442787 5.96334e-06 0.000464589 0.000931895 0.00140682 0.00188845 0.00237603 0.00286895 
0.00031063 0.000629376 0.000954597 0.00128453 0.00161731 0.00195094 0.00228335 0.00261238 0.00293582 0.00325139 0.0035568 0.00384975 0.00412798 0.00438923 0.00463133 0.00485222 0.00504991 0.00522257 0.00536853 0.00548628 0.00557451 0.00563212 0.00565822 0.00565217 0.00561352 0.00554211 0.00543796 0.00530137 0.00513283 0.00493305 0.00470294 0.00444358 0.00415623 0.00384227 0.00350321 0.00314063 0.00275621 0.00235164 0.00192863 0.00148888 0.00103405 0.000565743 8.54725e-05 0.000405351 0.000905442 0.00141365 0.00192899 0.00245063 0.00297791 
0.000338179 0.000684723 0.00103789 0.00139579 0.00175644 0.00211773 0.00247746 0.00283332 0.00318297 0.00352398 0.00385392 0.00417035 0.00447085 0.00475302 0.00501457 0.00525327 0.00546702 0.00565388 0.00581205 0.00593994 0.00603615 0.0060995 0.00612906 0.00612413 0.00608427 0.00600929 0.00589924 0.00575442 0.00557539 0.00536291 0.00511796 0.00484171 0.00453551 0.00420086 0.00383936 0.00345273 0.00304276 0.00261127 0.00216009 0.00169105 0.00120593 0.000706439 0.000194208 0.000329251 0.000862557 0.00140448 0.00195394 0.00251004 0.00307206 
0.000367256 0.000743087 0.00112564 0.00151292 0.00190281 0.00229309 0.00268142 0.00306536 0.00344241 0.00381003 0.00416562 0.0045066 0.00483039 0.00513446 0.00541636 0.00567373 0.00590434 0.00610612 0.00627716 0.00641577 0.00652046 0.00658998 0.00662335 0.00661983 0.00657894 0.0065005 0.00638458 0.00623151 0.00604188 0.00581653 0.00555652 0.0052631 0.00493772 0.004582 0.00419765 0.00378653 0.00335055 0.00289165 0.00241181 0.00191297 0.00139705 0.000865865 0.000321168 0.000235428 0.000802443 0.00137855 0.0019626 0.00255363 0.00315084 
0.000397963 0.000804669 0.00121815 0.00163632 0.00205692 0.00247762 0.00289593 0.0033093 0.00371508 0.00411057 0.00449304 0.00485975 0.00520796 0.005535 0.00583826 0.00611525 0.0063636 0.0065811 0.00676574 0.00691571 0.00702943 0.0071056 0.00714315 0.00714132 0.00709961 0.00701782 0.00689605 0.00673466 0.00653429 0.00629585 0.00602048 0.00570954 0.00536458 0.00498733 0.00457965 0.00414351 0.00368096 0.00319408 0.00268499 0.00215577 0.00160845 0.00104499 0.00046724 0.000123064 0.000724345 0.00133519 0.00195436 0.00258082 0.00321372 
0.000430401 0.000869671 0.00131574 0.00176639 0.00221928 0.00267193 0.00312173 0.00356599 0.00400192 0.00442667 0.00483736 0.00523109 0.00560496 0.00595615 0.0062819 0.00657956 0.00684662 0.00708074 0.00727977 0.00744181 0.00756519 0.00764851 0.00769066 0.00769082 0.00764848 0.00756344 0.00743582 0.007266 0.00705471 0.0068029 0.00651181 0.00618292 0.00581788 0.00541856 0.00498694 0.00452516 0.00403538 0.00351986 0.00298084 0.00242054 0.00184114 0.00124473 0.000633273 8.6152e-06 0.000627563 0.00127376 0.00192864 0.00259111 0.00326023 
0.00046467 0.000938292 0.00141869 0.00190355 0.0023904 0.00287664 0.00335955 0.00383628 0.00430391 0.00475943 0.0051998 0.00562196 0.00602287 0.00639952 0.006749 0.00706849 0.00735534 0.00760706 0.00782139 0.0079963 0.00813 0.00822104 0.00826822 0.0082707 0.00822793 0.00813973 0.00800621 0.00782783 0.00760534 0.00733981 0.00703257 0.0066852 0.00629949 0.00587744 0.00542119 0.00493301 0.00441525 0.00387029 0.00330055 0.00270839 0.00209613 0.00146599 0.000820073 0.00016033 0.000511451 0.00119367 0.00188493 0.00258403 0.00329 
0.000500868 0.00101073 0.00152731 0.00204819 0.00257079 0.00309239 0.00361013 0.00412103 0.00462203 0.00510996 0.00558162 0.00603378 0.00646323 0.00686679 0.00724137 0.00758399 0.00789183 0.00816226 0.00839288 0.00858151 0.0087263 0.00882566 0.00887836 0.0088835 0.00884051 0.00874919 0.00860971 0.00842256 0.00818856 0.00790888 0.00758494 0.00721845 0.00681136 0.0063658 0.00588409 0.00536865 0.00482199 0.00424669 0.0036453 0.00302037 0.00237435 0.00170962 0.00102839 0.000332744 0.000375424 0.00109442 0.00182277 0.0025592 0.00330267 
0.000539089 0.00108717 0.00164189 0.00220071 0.00276095 0.00331978 0.00387421 0.00442112 0.0049573 0.00547943 0.00598413 0.00646801 0.00692765 0.00735971 0.00776091 0.0081281 0.00845828 0.00874865 0.00899665 0.00919999 0.00935668 0.00946505 0.00952378 0.00953193 0.00948892 0.00939454 0.00924898 0.00905279 0.00880689 0.0085125 0.00817121 0.00778486 0.00735553 0.00688555 0.00637739 0.00583366 0.00525707 0.00465036 0.00401628 0.00335752 0.00267672 0.0019764 0.00125891 0.000526452 0.000218973 0.000975578 0.0017418 0.00251631 0.00329801 
0.000579422 0.0011678 0.0017627 0.00236148 0.00296137 0.00355942 0.00415252 0.00473742 0.00531074 0.00586901 0.00640867 0.00692613 0.00741781 0.00788015 0.00830966 0.00870302 0.00905702 0.00936869 0.00963531 0.00985443 0.0100239 0.0101421 0.0102074 0.010219 0.0101761 0.0100787 0.00992688 0.00972132 0.009463 0.00915328 0.00879385 0.00838672 0.00793416 0.00743866 0.0069029 0.0063297 0.00572195 0.00508261 0.0044146 0.00372083 0.0030041 0.00226707 0.00151225 0.00074197 4.16659e-05 0.000836779 0.00164173 0.00245512 0.00327581 
0.000621948 0.00125279 0.00188999 0.00253086 0.00317251 0.0038119 0.00444579 0.00507079 0.00568338 0.0062799 0.00685661 0.00740973 0.00793546 0.00843003 0.00888975 0.00931105 0.00969054 0.010025 0.0103117 0.0105478 0.0107311 0.0108598 0.0109324 0.0109477 0.0109053 0.0108048 0.0106465 0.0104311 0.0101598 0.00983394 0.00945545 0.00902647 0.00854949 0.0080272 0.0074625 0.00685842 0.00621811 0.00554471 0.00484139 0.00411125 0.00335726 0.00258227 0.00178894 0.000979722 0.000156832 0.000677763 0.00152235 0.00237549 0.00323598 
0.000666739 0.00134227 0.002024 0.00270916 0.0033948 0.00407776 0.0047547 0.00542208 0.00607622 0.00671328 0.00732934 0.0079204 0.00848242 0.0090114 0.00950342 0.00995466 0.0103615 0.0107206 0.0110287 0.0112831 0.0114815 0.0116217 0.0117021 0.0117217 0.0116798 0.0115762 0.0114111 0.0111855 0.0109004 0.0105575 0.0101588 0.00970669 0.00920389 0.00865332 0.0080581 0.00742154 0.00674702 0.00603795 0.00529772 0.00452964 0.00373691 0.00292256 0.00208941 0.00124003 0.000376749 0.000498373 0.00138357 0.00227734 0.00317848 
0.000713851 0.00143636 0.00216491 0.00289667 0.00362861 0.0043575 0.00507988 0.00579208 0.00649024 0.00717036 0.00782829 0.00845978 0.00906057 0.00962639 0.010153 0.0106365 0.0110728 0.0114583 0.0117897 0.012064 0.0122785 0.0124312 0.0125203 0.0125446 0.0125034 0.0123966 0.0122244 0.0119878 0.011688 0.011327 0.0109068 0.0104301 0.00989987 0.00931925 0.0086917 0.00802078 0.00731017 0.00656354 0.00578457 0.0049768 0.00414367 0.00328839 0.00241395 0.00152307 0.000618184 0.000298573 0.00122538 0.00216073 0.00310338 
0.000763319 0.00153515 0.00231285 0.00309358 0.00387425 0.00465154 0.00542191 0.00618153 0.00692641 0.0076523 0.00835485 0.00902955 0.00967186 0.0102772 0.0108411 0.0113592 0.0118273 0.0122415 0.0125981 0.0128939 0.0131262 0.0132925 0.013391 0.0134205 0.0133802 0.01327 0.0130903 0.0128419 0.0125265 0.0121459 0.0117027 0.0111997 0.01064 0.0100274 0.00936534 0.0086579 0.007909 0.00712268 0.00630287 0.00545342 0.004578 0.00368004 0.00276271 0.00182888 0.00088109 7.84691e-05 0.00104794 0.00202579 0.00301081 
0.000815155 0.00163866 0.0024679 0.00330002 0.00413191 0.00496021 0.00578125 0.00659111 0.00738558 0.00816023 0.00891043 0.00963141 0.0103183 0.0109662 0.0115703 0.0121259 0.0126285 0.0130737 0.0134577 0.013777 0.0140285 0.0142097 0.0143186 0.0143539 0.0143147 0.0142009 0.0140129 0.013752 0.0134195 0.0130179 0.0125498 0.0120184 0.0114272 0.0107801 0.0100811 0.00933464 0.00854497 0.00771647 0.00685345 0.00596005 0.00504022 0.00409764 0.00313567 0.00215732 0.00116524 0.000161668 0.000851513 0.0018728 0.00290102 
0.000869336 0.00174687 0.00263002 0.003516 0.00440169 0.00528369 0.00615826 0.00702134 0.00786854 0.00869519 0.00949639 0.010267 0.0110019 0.0116958 0.0123434 0.0129397 0.0134797 0.0139587 0.0143726 0.0147176 0.0149902 0.0151877 0.015308 0.0153496 0.0153116 0.0151939 0.0149971 0.0147224 0.0143715 0.0139471 0.013452 0.0128897 0.0122643 0.01158 0.0108412 0.0100528 0.00921944 0.00834594 0.00743698 0.00649707 0.00553047 0.00454111 0.00353257 0.00250802 0.00147019 0.000421371 0.000636565 0.00170217 0.00277437 
0.000925797 0.00185964 0.00279908 0.00374138 0.0046835 0.00562201 0.00655311 0.00747261 0.00837592 0.00925813 0.010114 0.0109381 0.0117248 0.0124685 0.0131633 0.0138039 0.0143847 0.0149007 0.0153474 0.0157204 0.0160161 0.0162316 0.0163644 0.016413 0.0163764 0.0162545 0.0160479 0.0157581 0.0153871 0.0149376 0.014413 0.0138172 0.0131545 0.0124297 0.0116479 0.0108141 0.00993375 0.009012 0.00805401 0.00706468 0.00604863 0.0050101 0.00395289 0.00288032 0.00179524 0.000699941 0.000403748 0.00151448 0.00263131 
0.000984414 0.00197676 0.00297476 0.00397584 0.00497703 0.00597495 0.00696574 0.00794508 0.00890819 0.00984987 0.0107645 0.0116463 0.0124892 0.0132868 0.0140332 0.014722 0.0153476 0.0159042 0.0163867 0.0167906 0.0171119 0.0173471 0.0174937 0.0175499 0.0175148 0.0173883 0.017171 0.0168646 0.0164713 0.0159943 0.0154372 0.0148045 0.0141011 0.0133322 0.0125034 0.0116204 0.0106891 0.00971541 0.00870483 0.00766279 0.0065943 0.00550394 0.00439577 0.00327328 0.00213939 0.000996398 0.000153955 0.00131047 0.00247243 
0.001045 0.00209786 0.00315658 0.0042188 0.00528172 0.00634201 0.00739581 0.00843866 0.00946557 0.010471 0.011449 0.0123932 0.013297 0.0141536 0.0149562 0.015698 0.0163727 0.0169739 0.0174961 0.0179341 0.0182834 0.0185405 0.0187023 0.018767 0.0187336 0.0186018 0.0183726 0.0180477 0.0176297 0.0171222 0.0165293 0.015856 0.0151077 0.0142902 0.01341 0.0124733 0.0114867 0.0104567 0.00938951 0.00829101 0.00716671 0.00602158 0.00485996 0.00368552 0.00250125 0.00130943 0.000111637 0.00109114 0.00229847 
0.00110725 0.00222239 0.00334378 0.00446938 0.00559662 0.00672232 0.00784259 0.00895289 0.010048 0.0111219 0.0121683 0.0131802 0.0141504 0.0150714 0.0159357 0.0167359 0.0174647 0.0181152 0.0186812 0.019157 0.0195375 0.0198187 0.0199974 0.0200715 0.0200398 0.0199021 0.0196595 0.019314 0.0188686 0.0183271 0.0176944 0.016976 0.016178 0.015307 0.0143701 0.0133745 0.0123275 0.0112363 0.0101078 0.00894856 0.00776466 0.00656149 0.00534371 0.00411519 0.00287899 0.00163729 0.000391509 0.000857706 0.00211032 
0.00117078 0.00234958 0.00353528 0.00472628 0.00592036 0.00711451 0.0083049 0.00948685 0.0106548 0.0118026 0.012923 0.0140087 0.0150515 0.0160432 0.0169755 0.01784 0.0186287 0.019334 0.0199486 0.0204663 0.0208815 0.0211896 0.021387 0.0214714 0.0214415 0.0212971 0.0210395 0.0206709 0.0201946 0.0196152 0.0189381 0.0181694 0.0173161 0.0163857 0.0153862 0.0143256 0.0132123 0.0120541 0.010859 0.00963419 0.0083864 0.00712154 0.00584466 0.00455984 0.00327018 0.00197777 0.000683723 0.000611722 0.00190907 
0.00123503 0.00247835 0.00372958 0.00498772 0.00625098 0.00751663 0.00878093 0.0100391 0.0112852 0.0125126 0.0137135 0.0148797 0.0160022 0.0170719 0.0180793 0.0190151 0.0198704 0.0206364 0.0213053 0.0218697 0.0223236 0.0226616 0.0228799 0.0229758 0.0229477 0.0227957 0.0225211 0.0221264 0.0216155 0.0209935 0.0202664 0.0194414 0.0185264 0.0175298 0.0164607 0.0153281 0.0141415 0.0129099 0.011642 0.010346 0.00902951 0.0076989 0.0063597 0.00501627 0.00367174 0.00232801 0.000985831 0.000355109 0.00169603 
0.00129923 0.00260727 0.00392467 0.00525123 0.00658577 0.00792594 0.00926812 0.0106074 0.0119375 0.0132511 0.0145397 0.0157942 0.0170045 0.0181602 0.019251 0.0202662 0.0211956 0.0220296 0.022759 0.0233758 0.0238729 0.0242445 0.0244861 0.0245946 0.0245685 0.0244078 0.0241138 0.0236896 0.0231395 0.0224694 0.0216862 0.020798 0.0198137 0.018743 0.017596 0.0163834 0.0151155 0.0138027 0.012455 0.0110816 0.00969075 0.00828983 0.00688483 0.00548039 0.00407967 0.00268437 0.00129475 9.02517e-05 0.00147277 
0.00136239 0.0027344 0.00411782 0.00551353 0.00692112 0.00833874 0.00976293 0.0111886 0.0126091 0.0140164 0.015401 0.0167525 0.0180599 0.0193113 0.0204949 0.0215987 0.0226112 0.0235212 0.0243186 0.0249941 0.0255398 0.025949 0.0262167 0.0263394 0.0263153 0.0261443 0.0258283 0.0253706 0.0247762 0.0240516 0.023205 0.0222454 0.021183 0.0200289 0.0187948 0.0174925 0.0161342 0.0147314 0.0132957 0.0118373 0.0103659 0.00888955 0.00741489 0.00594696 0.00448896 0.00304229 0.00160659 0.000179886 0.00124118 
0.00142316 0.00285715 0.00430543 0.00577023 0.00725219 0.00875008 0.0102606 0.0117786 0.0132967 0.014806 0.016296 0.0177549 0.01917 0.0205281 0.0218154 0.0230185 0.0241242 0.0251198 0.0259936 0.0267353 0.0273357 0.0277873 0.0280842 0.0282227 0.0282006 0.0280179 0.0276767 0.0271808 0.026536 0.0257497 0.024831 0.0237906 0.02264 0.0213918 0.0200595 0.0186566 0.0171969 0.015694 0.0141606 0.0126089 0.0110496 0.00949192 0.00794335 0.00640936 0.00489321 0.00339597 0.0019165 0.000451615 0.00100357 
0.00147976 0.00297213 0.00448273 0.00601558 0.00757265 0.00915346 0.010755 0.0123717 0.0139956 0.0156166 0.0172229 0.0188009 0.0203362 0.0218135 0.0232173 0.0245321 0.0257427 0.0268348 0.027795 0.0286114 0.0292736 0.0297729 0.0301029 0.0302589 0.0302389 0.0300427 0.0296726 0.0291331 0.0284308 0.0275742 0.0265737 0.0254414 0.0241907 0.022836 0.0213927 0.0198763 0.0183028 0.0166876 0.0150456 0.0133906 0.0117349 0.0100892 0.00846197 0.00685921 0.00528437 0.0037381 0.0022183 0.000720323 0.000762734 
0.00152983 0.00307482 0.00464343 0.00624202 0.0078742 0.00954043 0.0112379 0.0129606 0.0146996 0.0164435 0.0181786 0.0198894 0.0215592 0.0231706 0.0247056 0.0261465 0.0274757 0.028677 0.0297349 0.0306359 0.0313679 0.0319213 0.0322885 0.0324644 0.0324464 0.0322346 0.0318314 0.031242 0.030474 0.0295371 0.0284434 0.0272066 0.025842 0.0243663 0.022797 0.0211523 0.0194502 0.0177087 0.015945 0.0141751 0.0124132 0.0106718 0.00896039 0.007286 0.00565226 0.0040594 0.00250423 0.000980195 0.000522133 
0.00157022 0.00315921 0.00477924 0.00643965 0.00814608 0.00990003 0.0116988 0.0135358 0.0154008 0.0172805 0.0191591 0.0210187 0.0228399 0.0246024 0.0262858 0.0278693 0.029333 0.0306581 0.031827 0.0328239 0.0336354 0.0342501 0.0346594 0.0348576 0.0348417 0.0346116 0.0341704 0.0335239 0.0326807 0.0316522 0.0304519 0.0290958 0.0276014 0.0259878 0.0242753 0.0224846 0.0206368 0.0187526 0.016852 0.0149535 0.0130739 0.0112275 0.00942571 0.00767651 0.00598402 0.00434813 0.00276435 0.00122384 0.000286076 
0.00159669 0.0032173 0.00487916 0.00659547 0.0083743 0.0102182 0.0121245 0.0140854 0.0160891 0.0181199 0.0201592 0.0221862 0.0241783 0.0261121 0.0279636 0.0297092 0.0313258 0.0327917 0.0340867 0.0351929 0.0360946 0.0367789 0.0372361 0.0374594 0.0374455 0.0371944 0.0367095 0.0359975 0.0350682 0.0339347 0.0326126 0.03112 0.0294772 0.0277061 0.0258301 0.0238732 0.0218597 0.0198136 0.0177581 0.0157149 0.0137038 0.0117416 0.00984185 0.00801416 0.0062634 0.00458927 0.00298589 0.00144173 6.00361e-05 
0.00160342 0.0032382 0.00492853 0.00669243 0.00854075 0.010477 0.012498 0.0145944 0.0167519 0.0189518 0.0211721 0.0233884 0.0255744 0.0277027 0.0297456 0.0316756 0.0334664 0.0350928 0.0365316 0.0377622 0.0387668 0.0395304 0.040042 0.0402937 0.0402819 0.0400064 0.0394712 0.0386839 0.037656 0.0364022 0.0349404 0.0332915 0.0314789 0.0295276 0.0274647 0.0253178 0.023115 0.0208843 0.0186528 0.0164459 0.0142868 0.0121957 0.0101889 0.00827822 0.0064698 0.00476355 0.00315231 0.00162143 0.000148891 
0.0015823 0.003207 0.00490758 0.00670803 0.00862205 0.0106536 0.0127982 0.015044 0.0173735 0.019764 0.0221894 0.0246209 0.0270276 0.0293776 0.0316388 0.0337795 0.0357691 0.0375787 0.0391817 0.0405544 0.0416762 0.0425303 0.0431037 0.0433877 0.0433778 0.0430741 0.0424811 0.0416075 0.0404663 0.0390744 0.0374525 0.0356245 0.0336171 0.0314594 0.0291822 0.0268175 0.0243981 0.0219563 0.0195237 0.0171303 0.0148035 0.0125676 0.0104424 0.0084428 0.00657709 0.00484608 0.00324179 0.00174629 0.000331238 
0.00152159 0.00310269 0.0047894 0.00661253 0.00858805 0.0107192 0.0129989 0.0154115 0.017935 0.020542 0.0232011 0.0258781 0.028537 0.0311405 0.0336513 0.0360329 0.0382498 0.0402689 0.0420596 0.0435946 0.0448504 0.0458077 0.0464517 0.0467722 0.0467644 0.0464281 0.0457685 0.0447957 0.0435245 0.0419742 0.0401686 0.038135 0.0359041 0.0335093 0.0309862 0.0283717 0.0257035 0.0230194 0.0203562 0.0177491 0.0152308 0.0128304 0.0105724 0.00847574 0.00655213 0.00480454 0.00322523 0.00179354 0.000473877 
0.00140351 0.00289484 0.0045368 0.0063665 0.0084001 0.0106378 0.0130678 0.0156692 0.0184138 0.0212683 0.024195 0.0271535 0.0301014 0.0329954 0.0357923 0.0384497 0.0409269 0.0431858 0.0451913 0.046912 0.048321 0.0493962 0.0501207 0.0504828 0.0504769 0.050103 0.0493669 0.0482801 0.0468596 0.0451275 0.043111 0.0408414 0.0383538 0.0356867 0.0328809 0.0299791 0.0270248 0.0240618 0.0211331 0.01828 0.0155412 0.012952 0.0105426 0.00833734 0.00635301 0.00459669 0.00306312 0.00173091 0.000557583 
0.00119902 0.00253776 0.00409777 0.00591782 0.00800918 0.0103651 0.0129663 0.0157843 0.0187834 0.0219227 0.0251573 0.0284394 0.0317194 0.034947 0.038072 0.0410458 0.0438214 0.0463551 0.0486064 0.0505397 0.052124 0.053334 0.0541503 0.0545598 0.0545559 0.0541386 0.0533145 0.0520968 0.0505049 0.0485641 0.0463054 0.0437647 0.0409823 0.0380022 0.0348713 0.0316387 0.0283548 0.0250701 0.0218346 0.018697 0.0157029 0.0128946 0.0103096 0.00797918 0.00592713 0.00416741 0.00270106 0.00151082 0.00055192 
0.000855531 0.0019601 0.00339939 0.00519844 0.00735425 0.00984764 0.0126485 0.0157185 0.0190129 0.022482 0.0260723 0.0297274 0.0333897 0.0370008 0.0405029 0.0438397 0.0469575 0.049806 0.052339 0.0545156 0.0563005 0.0576647 0.058586 0.0590494 0.0590475 0.0585801 0.0576549 0.0562869 0.0544983 0.0523179 0.0497812 0.0469292 0.043808 0.0404681 0.0369631 0.0333496 0.0296855 0.0260291 0.0224387 0.0189706 0.0156791 0.0126144 0.00982249 0.00734323 0.00520953 0.00344544 0.00206358 0.0010601 0.000403006 
