0.000120428 0.000244161 0.00038299 0.000550878 0.00076218 0.00103045 0.00136758 0.00178311 0.00228379 0.00287318 0.0035515 0.00431547 0.00515841 0.00607032 0.00703813 0.00804606 0.00907597 0.0101078 0.0111203 0.0120913 0.0129985 0.01382 0.0145349 0.0151241 0.0155704 0.0158594 0.0159799 0.0159243 0.0156887 0.0152733 0.0146828 0.0139257 0.0130153 0.0119687 0.0108068 0.00955442 0.00823918 0.00689155 0.0055441 0.00423095 0.00298709 0.00184776 0.000847703 2.0529e-05 0.00060199 0.000990551 0.00111892 0.000964457 0.000508562 
0.000258347 0.000528099 0.000834415 0.00120546 0.00166959 0.00225323 0.00297926 0.00386578 0.00492519 0.0061635 0.00758001 0.00916708 0.0109103 0.0127887 0.0147752 0.0168374 0.0189384 0.0210376 0.0230918 0.0250564 0.0268866 0.0285386 0.0299706 0.0311444 0.032026 0.032587 0.0328053 0.0326662 0.0321624 0.0312952 0.0300741 0.0285173 0.0266518 0.0245124 0.0221418 0.0195898 0.0169126 0.0141715 0.0114322 0.00876313 0.00623475 0.00391772 0.00188173 0.000194069 0.00108172 0.00188713 0.00216988 0.00188506 0.000995991 
0.000422221 0.000866343 0.0013724 0.00198328 0.00274126 0.00368518 0.00484823 0.00625622 0.00792628 0.00986593 0.0120726 0.0145333 0.0172251 0.0201152 0.0231618 0.0263154 0.0295196 0.0327129 0.0358299 0.0388035 0.0415662 0.0440523 0.0461995 0.0479504 0.0492547 0.0500703 0.0503648 0.0501167 0.049316 0.0479654 0.04608 0.0436882 0.0408309 0.0375614 0.0339446 0.0300558 0.0259797 0.0218091 0.0176428 0.013584 0.00973856 0.00621254 0.00311054 0.000533408 0.00142374 0.00267345 0.00313781 0.00275003 0.00145597 
0.000616943 0.0012675 0.0020077 0.00289567 0.00398758 0.00533434 0.0069789 0.00895408 0.011281 0.0139677 0.0170092 0.0203862 0.0240665 0.0280049 0.0321444 0.0364177 0.0407488 0.0450549 0.0492484 0.0532396 0.0569384 0.0602574 0.0631137 0.0654315 0.0671444 0.0681971 0.0685472 0.0681669 0.067044 0.0651831 0.0626055 0.0593498 0.0554718 0.0510432 0.0461514 0.0408974 0.035395 0.0297681 0.0241487 0.0186748 0.0134873 0.00872784 0.00453545 0.00104429 0.00161932 0.00333943 0.00401289 0.00355157 0.00188435 
0.000845037 0.00173595 0.00274555 0.00394753 0.00541195 0.00720149 0.00936836 0.0119518 0.0149761 0.0184494 0.0223632 0.0266917 0.0313927 0.0364079 0.0416648 0.0470781 0.0525519 0.0579821 0.0632588 0.0682698 0.0729028 0.0770487 0.0806046 0.0834766 0.0855826 0.0868544 0.0872403 0.0867068 0.0852398 0.0828461 0.0795537 0.0754119 0.0704912 0.0648823 0.058695 0.0520564 0.0451089 0.0380075 0.0309176 0.0240112 0.0174645 0.0114537 0.0061523 0.00172715 0.00166471 0.00387933 0.00478888 0.00428442 0.00227835 
0.00110733 0.00227292 0.00358689 0.00513868 0.00701212 0.0092814 0.0120075 0.0152354 0.0189923 0.0232855 0.0281026 0.0334105 0.0391566 0.0452695 0.0516607 0.0582266 0.0648515 0.0714099 0.07777 0.0837971 0.089357 0.0943196 0.0985621 0.101973 0.104455 0.105928 0.106331 0.105626 0.103796 0.100851 0.0968263 0.091782 0.0858036 0.0790007 0.0715055 0.063471 0.055068 0.0464827 0.0379129 0.0295648 0.0216489 0.0143758 0.00795262 0.00257837 0.00155983 0.00429063 0.00546213 0.00494513 0.00263608 
0.00140335 0.00287721 0.0045293 0.0064648 0.00878121 0.0115638 0.0148819 0.0187859 0.0233049 0.0284453 0.03419 0.0404984 0.0473071 0.054531 0.0620658 0.0697896 0.0775669 0.0852509 0.0926883 0.0997222 0.106197 0.111962 0.116875 0.120807 0.123648 0.125304 0.125706 0.124811 0.122602 0.119092 0.114323 0.108366 0.101321 0.0933178 0.0845101 0.0750765 0.0652161 0.0551456 0.0450949 0.0353037 0.026016 0.0174763 0.00992453 0.0035911 0.0013075 0.00457329 0.00603094 0.00553163 0.00295638 
0.00173164 0.00354572 0.00556763 0.00791827 0.0107085 0.0140343 0.0179729 0.0225795 0.0278848 0.0338935 0.0405838 0.0479068 0.0557884 0.0641297 0.0728103 0.0816903 0.0906143 0.099415 0.107917 0.115943 0.123316 0.129865 0.135429 0.139864 0.143043 0.144863 0.145248 0.144149 0.141549 0.137463 0.131942 0.125067 0.116954 0.107751 0.0976336 0.0868057 0.0754941 0.0639453 0.0524209 0.0411928 0.0305382 0.0207345 0.0120534 0.00475594 0.000912877 0.00472924 0.00649518 0.0060429 0.00323859 
0.00208993 0.00427377 0.00669456 0.00948868 0.01278 0.0166749 0.0212579 0.0265885 0.0326987 0.0395909 0.0472382 0.0555835 0.0645414 0.0739994 0.083821 0.0938486 0.103907 0.113809 0.123359 0.132357 0.140606 0.147917 0.15411 0.159026 0.162524 0.16449 0.164841 0.163524 0.160523 0.155856 0.14958 0.141788 0.132612 0.122216 0.110799 0.0985895 0.0858409 0.0728288 0.0598456 0.0471948 0.0351856 0.0241272 0.0143222 0.00606135 0.000382981 0.00476202 0.00685597 0.00647883 0.00348255 
0.00247531 0.00505546 0.00790096 0.0111634 0.0149792 0.0194646 0.0247111 0.030782 0.0377098 0.0454948 0.0541042 0.0634727 0.0735035 0.0840708 0.0950219 0.106182 0.117357 0.128339 0.138912 0.148858 0.157958 0.166005 0.172802 0.178175 0.18197 0.184065 0.184367 0.182822 0.179412 0.174161 0.167132 0.15843 0.1482 0.136627 0.123928 0.110357 0.0961934 0.0817412 0.0673221 0.0532704 0.0399263 0.0276293 0.0167123 0.00749405 0.000273562 0.00467653 0.00711555 0.00684005 0.00368842 
0.00288433 0.00588384 0.00917621 0.0129278 0.0172872 0.02238 0.0283041 0.035126 0.0428786 0.0515593 0.0611297 0.0715157 0.0826096 0.0942718 0.106334 0.118605 0.130871 0.142906 0.154475 0.165338 0.175259 0.184013 0.191387 0.197192 0.201263 0.203467 0.203708 0.201925 0.198103 0.192269 0.184494 0.174893 0.163627 0.150896 0.136941 0.122036 0.106487 0.0906259 0.0748018 0.0593787 0.0447265 0.0312143 0.0192032 0.00903927 0.00104678 0.00447885 0.00727707 0.00712785 0.00385676 
0.00331312 0.0067511 0.0105085 0.0147658 0.0196835 0.0253957 0.0320062 0.0395844 0.048163 0.0577364 0.0682601 0.0796516 0.091792 0.104528 0.117678 0.131031 0.144358 0.157413 0.169943 0.181689 0.192398 0.201827 0.209748 0.215958 0.220282 0.222578 0.222743 0.220716 0.216482 0.21007 0.20156 0.191078 0.178798 0.164938 0.149757 0.133554 0.116658 0.0994255 0.0822348 0.0654775 0.0495515 0.034854 0.0217731 0.010681 0.00192554 0.00417608 0.0073445 0.00734411 0.00398836 
0.00375743 0.0076488 0.0118849 0.0166601 0.0221458 0.0284843 0.0357847 0.0441189 0.0535189 0.0639758 0.0754389 0.0878173 0.100981 0.114764 0.128969 0.143371 0.157722 0.17176 0.185211 0.197802 0.209261 0.219329 0.227765 0.234353 0.238907 0.241277 0.241355 0.239079 0.234434 0.227453 0.218224 0.206883 0.193618 0.178663 0.162297 0.144837 0.126639 0.108082 0.0895708 0.0715237 0.0543654 0.0385194 0.0243995 0.0124021 0.00289773 0.00377617 0.00732257 0.00749123 0.00408432 
0.00421278 0.0085679 0.0132919 0.0185923 0.0246508 0.0316174 0.0396058 0.0486898 0.0589006 0.0702255 0.082608 0.0959483 0.110106 0.124902 0.140126 0.155536 0.170869 0.185845 0.200175 0.213568 0.225736 0.236405 0.245322 0.252257 0.257017 0.259444 0.259426 0.256898 0.251846 0.24431 0.234382 0.222211 0.207995 0.191985 0.174478 0.155813 0.136364 0.116536 0.0967586 0.0774737 0.0591316 0.0421806 0.0270586 0.0141846 0.00395037 0.00328787 0.00721663 0.00757208 0.00414596 
0.00467444 0.00949898 0.0147153 0.0205433 0.0271743 0.0347653 0.0434343 0.0532562 0.0642611 0.0764327 0.089708 0.103979 0.119095 0.134865 0.151063 0.167436 0.183703 0.199569 0.214729 0.228876 0.241709 0.252939 0.2623 0.269553 0.274494 0.276961 0.276838 0.274057 0.268607 0.260531 0.24993 0.23696 0.221835 0.204817 0.186222 0.166407 0.145767 0.12473 0.103747 0.0832834 0.063813 0.0458072 0.0297261 0.01601 0.00506979 0.0027206 0.00703261 0.00758995 0.00417483 
0.00513755 0.0104323 0.0161404 0.0224933 0.0296913 0.0378978 0.0472341 0.0577763 0.0695529 0.0825434 0.0966788 0.111843 0.127875 0.144572 0.161697 0.17898 0.196128 0.212831 0.228769 0.24362 0.257069 0.268816 0.278583 0.286122 0.291221 0.293712 0.293475 0.290443 0.284606 0.276011 0.264766 0.251036 0.235046 0.217074 0.197449 0.176548 0.154784 0.132606 0.110485 0.0889087 0.0683724 0.0493684 0.0323774 0.0178589 0.00624172 0.00208434 0.00677696 0.00754852 0.00417266 
0.00559713 0.011358 0.0175522 0.0244222 0.0321766 0.0409841 0.050969 0.062208 0.0747277 0.0885035 0.10346 0.119474 0.136374 0.153947 0.171943 0.190079 0.20805 0.225531 0.24219 0.25769 0.271706 0.283924 0.294058 0.301849 0.307082 0.309581 0.309225 0.305946 0.299735 0.290645 0.278789 0.264342 0.247538 0.22867 0.208082 0.186164 0.16335 0.140106 0.116922 0.094306 0.0727725 0.0528332 0.0349874 0.0197118 0.00745143 0.00138957 0.00645655 0.00745181 0.00414137 
0.00604818 0.012266 0.0189357 0.02631 0.0346046 0.0439932 0.0546024 0.066509 0.0797374 0.0942588 0.109992 0.126806 0.14452 0.162911 0.181717 0.200645 0.219376 0.237573 0.25489 0.270983 0.28551 0.298152 0.308611 0.316623 0.321964 0.324456 0.323976 0.320456 0.313889 0.304331 0.291902 0.276785 0.259225 0.239526 0.218044 0.195187 0.171403 0.147174 0.123008 0.0994319 0.0769765 0.0561709 0.0375309 0.0215488 0.00868386 0.000647146 0.00607866 0.00730415 0.00408303 
0.00648567 0.0131463 0.020276 0.0281364 0.0369499 0.0468943 0.0580979 0.0706372 0.0845341 0.0997558 0.116215 0.133773 0.152241 0.171387 0.190938 0.21059 0.230013 0.248859 0.266771 0.283394 0.298378 0.311394 0.322135 0.330333 0.335758 0.33823 0.337623 0.33387 0.326965 0.316971 0.30401 0.288276 0.270021 0.24956 0.227263 0.203548 0.17888 0.153754 0.128695 0.104244 0.080948 0.0593509 0.0399829 0.02335 0.0099237 0.000131785 0.00565084 0.00711011 0.00399984 
0.00690466 0.013989 0.021558 0.0298815 0.0391874 0.0496569 0.0614197 0.0745512 0.0890708 0.104942 0.122071 0.140312 0.159469 0.179301 0.199526 0.21983 0.239872 0.259296 0.277735 0.294824 0.310206 0.323544 0.334525 0.342874 0.348359 0.350797 0.350061 0.346085 0.338866 0.328469 0.315023 0.298728 0.279845 0.258697 0.235667 0.211183 0.185722 0.159794 0.133936 0.108701 0.0846514 0.0623431 0.0423186 0.0250954 0.0111555 0.000935856 0.00518092 0.00687448 0.00389412 
0.00730028 0.0147844 0.0227673 0.0315256 0.0412924 0.0522513 0.0645324 0.0782103 0.0933014 0.109764 0.127501 0.146359 0.166135 0.18658 0.207402 0.228281 0.248867 0.268794 0.287689 0.305178 0.320897 0.334502 0.345678 0.354144 0.359665 0.362057 0.361193 0.357006 0.349498 0.338735 0.324854 0.308059 0.288618 0.266865 0.243188 0.218029 0.191874 0.165242 0.138684 0.112763 0.0880523 0.0651182 0.0445137 0.0267655 0.012364 0.00175358 0.00467689 0.00660223 0.00376828 
0.0076678 0.0155232 0.0238896 0.0330499 0.0432411 0.0546483 0.0674021 0.0815752 0.0971811 0.114174 0.132452 0.151855 0.172174 0.193152 0.214493 0.235866 0.256915 0.277267 0.296543 0.314362 0.330355 0.344175 0.355499 0.364047 0.369581 0.371916 0.370924 0.366542 0.358772 0.347685 0.333421 0.31619 0.296268 0.273993 0.249763 0.224028 0.19728 0.170051 0.142897 0.116392 0.0911172 0.0676479 0.0465444 0.0283408 0.0135338 0.00257346 0.00414687 0.00629847 0.00362483 
0.0080027 0.0161962 0.0249113 0.0344361 0.0450103 0.0568203 0.0699959 0.084608 0.100667 0.118124 0.13687 0.156742 0.177523 0.198952 0.220726 0.242508 0.263936 0.284633 0.304212 0.32229 0.338493 0.35247 0.363898 0.372493 0.378016 0.380283 0.379167 0.374606 0.366604 0.355237 0.340647 0.323049 0.302724 0.280017 0.255332 0.229122 0.201891 0.174173 0.146533 0.119551 0.0938145 0.0699048 0.0483878 0.0298025 0.01465 0.00338405 0.00359902 0.0059684 0.00346628 
0.00830067 0.0167948 0.0258195 0.0356668 0.0465782 0.0587405 0.0722826 0.0872728 0.103719 0.121567 0.140704 0.160963 0.182123 0.203915 0.226033 0.248135 0.269856 0.290813 0.310616 0.328879 0.345226 0.359304 0.370789 0.379396 0.384886 0.387076 0.385841 0.381119 0.372919 0.361317 0.34646 0.328568 0.307924 0.284878 0.259837 0.233262 0.205658 0.177566 0.149553 0.122206 0.0961141 0.071863 0.0500218 0.0311323 0.0156979 0.00417407 0.00304148 0.00561724 0.00329523 
0.00855767 0.017311 0.026602 0.0367256 0.0479242 0.0603842 0.0742326 0.0895354 0.106297 0.12446 0.143908 0.164469 0.185917 0.207982 0.230352 0.252682 0.274605 0.295735 0.31568 0.334054 0.350478 0.364599 0.376094 0.384678 0.390114 0.392219 0.39087 0.386008 0.377644 0.365857 0.350797 0.332685 0.311808 0.28852 0.263229 0.2364 0.208539 0.18019 0.151923 0.124325 0.0979878 0.0734981 0.0514256 0.0323128 0.0166633 0.00493247 0.00248233 0.00525026 0.00311424 
0.00876995 0.0177373 0.0272476 0.0375974 0.0490292 0.061728 0.0758187 0.0913645 0.108366 0.126764 0.146437 0.167209 0.188854 0.211096 0.233623 0.256087 0.278119 0.299333 0.319337 0.337744 0.354177 0.368284 0.379741 0.388268 0.393628 0.395641 0.394186 0.389207 0.380716 0.368796 0.353597 0.335344 0.314325 0.290893 0.265461 0.238492 0.210493 0.182009 0.153609 0.125879 0.0994097 0.0747872 0.0525796 0.0333274 0.0175326 0.00564857 0.00192946 0.00487264 0.0029259 
0.00893413 0.0180669 0.027746 0.0382685 0.0498757 0.0627507 0.0770159 0.0927311 0.109894 0.128442 0.14825 0.169142 0.190886 0.213208 0.235792 0.258293 0.280339 0.301546 0.321524 0.339886 0.35626 0.370293 0.381667 0.390102 0.395367 0.397282 0.39573 0.390658 0.38208 0.370079 0.35481 0.336496 0.315426 0.291955 0.266492 0.239501 0.211487 0.182991 0.154582 0.126841 0.100356 0.0757096 0.0534656 0.0341607 0.0182931 0.0063121 0.00139057 0.0044895 0.00273272 
0.00904719 0.0182937 0.0280881 0.0387264 0.0504481 0.0634335 0.0778016 0.0936092 0.110851 0.12946 0.149312 0.170226 0.191971 0.214272 0.236813 0.259249 0.281213 0.302321 0.322186 0.340426 0.35667 0.370571 0.381815 0.390126 0.395275 0.397088 0.39545 0.39031 0.381686 0.369661 0.354391 0.336099 0.315074 0.291667 0.266287 0.239394 0.211489 0.183109 0.154816 0.127188 0.100806 0.0762465 0.0540671 0.0347984 0.0189326 0.00691331 0.000873044 0.00410583 0.0025372 
0.00910653 0.0184126 0.0282659 0.0389605 0.0507327 0.0637595 0.0781561 0.093976 0.111211 0.129791 0.149591 0.170428 0.192072 0.214247 0.236642 0.258913 0.280695 0.301611 0.321276 0.339314 0.355359 0.36907 0.380137 0.38829 0.393306 0.395013 0.393301 0.388121 0.379493 0.367502 0.352303 0.334118 0.313233 0.289999 0.264817 0.238144 0.210474 0.182338 0.15429 0.1269 0.100742 0.0763813 0.0543692 0.0352275 0.01944 0.00744306 0.000383937 0.00372644 0.00234172 
0.00910999 0.0184191 0.0282729 0.0389617 0.0507182 0.0637147 0.0780627 0.0938118 0.110951 0.129409 0.149058 0.169716 0.191155 0.213101 0.235244 0.257246 0.278748 0.299376 0.318753 0.336509 0.352286 0.365749 0.376595 0.384558 0.389423 0.391022 0.389249 0.384058 0.37547 0.363572 0.348517 0.330525 0.30988 0.286925 0.262059 0.235729 0.208422 0.180659 0.152986 0.125961 0.100147 0.0760997 0.0543591 0.0354363 0.0198053 0.00789293 7.01328e-05 0.00335589 0.00214858 
0.0090559 0.0183099 0.0281037 0.038723 0.0503951 0.0632877 0.0775076 0.0931009 0.110053 0.128293 0.147691 0.168067 0.189195 0.210804 0.232589 0.254219 0.275339 0.295584 0.314586 0.331982 0.347421 0.360578 0.371157 0.3789 0.383597 0.385087 0.383267 0.378096 0.369594 0.357849 0.343012 0.325301 0.304995 0.28243 0.257997 0.232133 0.205317 0.178059 0.15089 0.124357 0.0990092 0.0753903 0.054026 0.0354151 0.0200196 0.00825525 0.000483037 0.00299852 0.00195995 
0.00894309 0.0180826 0.0277548 0.0382391 0.0497568 0.0624699 0.0764805 0.0918309 0.108504 0.126428 0.145473 0.165462 0.186171 0.207335 0.228655 0.249807 0.270445 0.290213 0.308751 0.325707 0.34074 0.353534 0.363802 0.371296 0.37581 0.377191 0.37534 0.370219 0.36185 0.350319 0.335777 0.318435 0.298567 0.276501 0.25262 0.227348 0.201152 0.174527 0.147993 0.122079 0.0973202 0.074244 0.053361 0.0351554 0.0200752 0.00852326 0.000849206 0.00265831 0.00177785 
0.00877092 0.0177359 0.0272238 0.0375068 0.0487989 0.0612559 0.0749746 0.0899935 0.106294 0.123802 0.142391 0.161887 0.182068 0.202679 0.223427 0.243995 0.26405 0.283245 0.301233 0.31767 0.33223 0.344605 0.35452 0.361734 0.366051 0.367325 0.36546 0.360422 0.352233 0.340979 0.326807 0.309923 0.290593 0.269138 0.245925 0.221369 0.195921 0.170061 0.14429 0.119122 0.095074 0.0726547 0.0523579 0.0346508 0.0199657 0.00869115 0.0011637 0.0023389 0.00160412 
0.00853932 0.0172695 0.0265103 0.0365251 0.0475198 0.0596431 0.0729864 0.0875845 0.103417 0.12041 0.138439 0.157334 0.17688 0.196827 0.216895 0.236776 0.256147 0.274675 0.292025 0.307867 0.321886 0.333788 0.343307 0.350215 0.354323 0.35549 0.35363 0.348707 0.340747 0.329832 0.316106 0.29977 0.281079 0.260342 0.237917 0.2142 0.189628 0.164661 0.139782 0.115486 0.0922683 0.0706193 0.0510126 0.0338967 0.0196864 0.00875414 0.00142228 0.00204352 0.00144042 
0.00824884 0.0166843 0.0256155 0.0352953 0.0459207 0.0576325 0.0705165 0.0846039 0.0998728 0.11625 0.133615 0.151801 0.170603 0.189779 0.209059 0.228147 0.246735 0.264503 0.281129 0.2963 0.309713 0.321088 0.330172 0.336746 0.340633 0.341699 0.339861 0.335087 0.327404 0.316893 0.30369 0.287989 0.270036 0.250128 0.228605 0.205851 0.182279 0.158333 0.134473 0.111172 0.0889047 0.0681377 0.0493237 0.0328907 0.019234 0.00870862 0.00162147 0.00177492 0.00128816 
0.00790061 0.0159826 0.0245424 0.0338211 0.0440054 0.0552281 0.067569 0.0810558 0.0956657 0.111327 0.127924 0.145295 0.163244 0.18154 0.199925 0.218118 0.235824 0.252739 0.268558 0.282982 0.295725 0.306522 0.315131 0.321348 0.325003 0.325971 0.324175 0.319586 0.312229 0.302183 0.289579 0.274602 0.257486 0.238513 0.218009 0.196336 0.17389 0.151089 0.128373 0.10619 0.0849884 0.0652131 0.0472925 0.0316322 0.0186068 0.00855223 0.00175867 0.00153534 0.00114852 
0.00749647 0.0151678 0.0232958 0.0321083 0.0417808 0.0524375 0.064152 0.0769488 0.0908047 0.105651 0.121375 0.137825 0.154814 0.172123 0.189508 0.206703 0.22343 0.239402 0.254331 0.267936 0.279947 0.290114 0.298212 0.304048 0.307462 0.308339 0.306604 0.302235 0.295253 0.285735 0.273806 0.259639 0.243457 0.225526 0.206153 0.18568 0.16448 0.142948 0.121497 0.100549 0.0805283 0.0618518 0.0449229 0.0301233 0.0178051 0.00828391 0.00183219 0.00132643 0.00102238 
0.00703892 0.0142448 0.0218827 0.0301656 0.039257 0.0492718 0.0602776 0.0722959 0.0853036 0.099235 0.113984 0.129408 0.145331 0.161548 0.177829 0.193926 0.209579 0.224519 0.238478 0.251192 0.262411 0.271901 0.279452 0.284884 0.28805 0.288841 0.28719 0.283075 0.276518 0.26759 0.256409 0.243138 0.227985 0.2112 0.193068 0.173911 0.154075 0.133931 0.113864 0.0942674 0.0755376 0.0580636 0.0422219 0.0283683 0.016831 0.00790409 0.00184138 0.0011492 0.000910306 
0.00653121 0.0132198 0.0203118 0.028004 0.0364469 0.0457457 0.0559619 0.0671145 0.0791813 0.0921007 0.105774 0.120069 0.134821 0.149841 0.164916 0.179818 0.194303 0.208125 0.221036 0.232792 0.24316 0.251927 0.258898 0.263906 0.266816 0.267529 0.265983 0.262157 0.256073 0.247797 0.237437 0.225146 0.211116 0.195577 0.178794 0.161064 0.142708 0.124067 0.105498 0.0873651 0.0700331 0.053862 0.0391994 0.0263738 0.0156885 0.00741477 0.00178674 0.00100394 0.000812513 
0.0059774 0.0121005 0.0185942 0.0256374 0.0333667 0.0418773 0.051225 0.0614266 0.0724615 0.0842732 0.0967715 0.109835 0.123315 0.137037 0.150807 0.164417 0.177645 0.190266 0.202053 0.212783 0.222247 0.230246 0.236604 0.24117 0.24382 0.244463 0.243043 0.239541 0.233978 0.226414 0.216948 0.205718 0.192901 0.178707 0.163377 0.147183 0.130416 0.113391 0.0964304 0.0798677 0.064036 0.0492638 0.0358683 0.0241495 0.0143841 0.00681967 0.00167003 0.000890084 0.000728794 
0.00538241 0.0108964 0.0167431 0.0230824 0.0300358 0.0376887 0.0460912 0.0552586 0.0651727 0.0757833 0.0870098 0.0987436 0.110851 0.123176 0.135546 0.147771 0.159655 0.170993 0.181584 0.191226 0.199731 0.206921 0.212637 0.216743 0.219128 0.219711 0.218439 0.215297 0.210302 0.203508 0.195005 0.184916 0.1734 0.160645 0.146869 0.132314 0.117245 0.101941 0.0866947 0.0718049 0.0575714 0.0442897 0.0322451 0.0217076 0.0129263 0.00612444 0.00149442 0.000806158 0.000658472 
0.00475212 0.00961869 0.0147745 0.0203584 0.026477 0.0332055 0.0405886 0.0486411 0.0573482 0.0666669 0.0765275 0.0868355 0.0974741 0.108307 0.119182 0.129934 0.140389 0.150368 0.159693 0.168187 0.175682 0.182024 0.18707 0.190702 0.192819 0.19335 0.192249 0.189501 0.185121 0.179155 0.171682 0.162811 0.15268 0.141455 0.129329 0.116514 0.103242 0.0897622 0.0763307 0.0632114 0.0506689 0.0389641 0.0283494 0.0190634 0.0113267 0.00533681 0.00126473 0.000749567 0.000600306 
0.00409355 0.00828049 0.0127064 0.017488 0.0227163 0.0284567 0.0347495 0.0416093 0.049026 0.0569651 0.0653688 0.0741583 0.0832351 0.0924838 0.101775 0.110968 0.119914 0.12846 0.136452 0.14374 0.150179 0.155635 0.159987 0.16313 0.164978 0.165468 0.16456 0.16224 0.158519 0.153437 0.147059 0.139479 0.130814 0.121207 0.110822 0.0998411 0.0884647 0.0769048 0.065383 0.054126 0.0433618 0.0333155 0.0242046 0.0162355 0.00959913 0.00446697 0.000987687 0.0007164 0.000552379 
0.00341505 0.00689731 0.0105601 0.014497 0.0187833 0.0234754 0.0286098 0.0342025 0.0402488 0.0467237 0.0535833 0.0607652 0.0681908 0.075767 0.0833885 0.0909403 0.0983006 0.105343 0.111941 0.11797 0.123309 0.127845 0.131478 0.13412 0.135698 0.136159 0.135466 0.133606 0.130589 0.126443 0.121224 0.115005 0.107883 0.0999765 0.0914192 0.0823627 0.0729721 0.0634234 0.0539006 0.0445922 0.0356881 0.0273759 0.0198376 0.0132458 0.00776103 0.00352783 0.000672264 0.000701119 0.000511913 
0.00272666 0.00548728 0.00835979 0.0114141 0.0147108 0.018298 0.0222096 0.026464 0.0310633 0.0359936 0.0412253 0.0467146 0.0524038 0.0582235 0.0640941 0.0699275 0.0756299 0.0811032 0.0862483 0.0909667 0.0951635 0.0987495 0.101643 0.103774 0.105083 0.105524 0.105068 0.103702 0.10143 0.0982724 0.0942696 0.0894787 0.0839738 0.0778452 0.0711978 0.0641497 0.0568303 0.0493779 0.0419375 0.0346579 0.0276897 0.0211818 0.0152792 0.01012 0.00583317 0.00253557 0.000330233 0.000696093 0.00047499 
0.00204073 0.00407182 0.0061332 0.00827189 0.0105351 0.0129644 0.0155924 0.0184411 0.0215208 0.0248296 0.0283543 0.0320703 0.0359424 0.0399262 0.043969 0.0480111 0.0519875 0.0558297 0.0594671 0.0628288 0.0658458 0.0684524 0.070588 0.0721988 0.0732392 0.0736736 0.0734766 0.0726351 0.0711479 0.0690272 0.0662978 0.0629979 0.0591779 0.0549006 0.0502396 0.0452785 0.0401098 0.0348326 0.0295516 0.0243751 0.0194126 0.0147734 0.0105643 0.00688785 0.0038403 0.00151022 2.31011e-05 0.000690868 0.000436075 
0.00137287 0.00267643 0.00391186 0.00510616 0.00629581 0.00751778 0.00880511 0.0101847 0.0116761 0.0132912 0.015034 0.0169006 0.0188798 0.0209532 0.0230962 0.0252788 0.0274661 0.0296198 0.0316988 0.033661 0.0354636 0.037065 0.0384257 0.0395095 0.0402843 0.0407234 0.0408062 0.040519 0.0398555 0.0388174 0.0374142 0.0356641 0.0335931 0.0312351 0.0286313 0.02583 0.0228851 0.0198558 0.0168053 0.0137997 0.0109068 0.00819496 0.00573183 0.00358313 0.00181166 0.00047644 0.000367824 0.000670952 0.000387121 
0.000743919 0.00133183 0.00173152 0.00195628 0.00203575 0.0020046 0.0018979 0.00174892 0.00158796 0.00144167 0.00133258 0.00127887 0.00129423 0.0013878 0.00156431 0.00182422 0.00216395 0.00257631 0.00305083 0.00357428 0.00413123 0.00470456 0.00527611 0.00582727 0.0063396 0.00679543 0.00717842 0.0074741 0.00767035 0.00775779 0.00773016 0.00758455 0.00732158 0.00694552 0.00646426 0.00588922 0.00523519 0.00452005 0.00376447 0.00299148 0.00222606 0.00149465 0.000824697 0.000244186 0.000218664 0.000535563 0.000677892 0.000615744 0.0003157 
0.000183435 7.53652e-05 0.000367631 0.00113506 0.00219947 0.00352609 0.00507619 0.00680879 0.00868167 0.0106522 0.012678 0.0147178 0.0167317 0.0186819 0.0205334 0.022254 0.0238153 0.0251922 0.0263641 0.0273145 0.028031 0.0285059 0.0287357 0.0287213 0.0284674 0.0279829 0.0272801 0.0263746 0.0252849 0.0240319 0.0226386 0.0211295 0.0195303 0.0178672 0.0161668 0.0144551 0.0127577 0.0110989 0.0095015 0.0079864 0.00657241 0.00527583 0.00411026 0.00308633 0.00221139 0.0014892 0.000919181 0.00049496 0.000200605 
