6.6135e-05 0.000431329 0.00108539 0.00201354 0.00319728 0.004615 0.00624251 0.00805355 0.0100202 0.0121134 0.0143032 0.0165594 0.0188518 0.0211504 0.0234262 0.0256511 0.0277984 0.029843 0.0317617 0.0335335 0.0351395 0.0365633 0.0377911 0.0388117 0.0396165 0.0401997 0.0405582 0.0406914 0.0406015 0.0402929 0.0397725 0.0390493 0.0381345 0.0370407 0.0357826 0.034376 0.0328379 0.0311864 0.0294401 0.0276181 0.0257398 0.0238245 0.0218913 0.0199588 0.018045 0.0161669 0.0143407 0.0125812 0.010902 0.00931512 0.00783113 0.00645891 0.00520567 0.00407684 0.00307612 0.00220542 0.00146489 0.000852958 0.000366322 
0.00012312 0.000841163 0.00213294 0.00396871 0.00631157 0.00911853 0.0123416 0.0159286 0.0198243 0.0239709 0.0283092 0.0327792 0.0373211 0.0418755 0.0463848 0.0507934 0.0550483 0.0590998 0.062902 0.0664131 0.0695957 0.0724174 0.0748507 0.0768734 0.0784686 0.0796248 0.0803356 0.0806001 0.0804223 0.0798113 0.0787805 0.0773479 0.0755353 0.0733683 0.0708756 0.0680886 0.0650411 0.0617687 0.0583085 0.0546983 0.0509765 0.0471815 0.0433509 0.0395218 0.0357298 0.0320087 0.0283904 0.0249045 0.0215777 0.018434 0.0154944 0.0127765 0.0102945 0.00805937 0.00607834 0.00435529 0.00289061 0.00168127 0.000720924 
0.000165819 0.00121952 0.00312813 0.00584667 0.0093198 0.0134834 0.0182659 0.0235897 0.0293726 0.0355287 0.04197 0.0486075 0.0553519 0.0621154 0.0688122 0.0753597 0.0816792 0.0876969 0.0933445 0.0985598 0.103287 0.107479 0.111094 0.114099 0.11647 0.118188 0.119245 0.119639 0.119376 0.118469 0.116939 0.114812 0.112121 0.108903 0.105201 0.101062 0.0965364 0.0916766 0.0865377 0.0811761 0.0756487 0.0700125 0.0643237 0.0586372 0.0530058 0.0474799 0.042107 0.0369308 0.0319913 0.0273242 0.0229605 0.0189266 0.0152435 0.0119277 0.00898993 0.00643612 0.00426695 0.00247811 0.0010604 
0.000190815 0.00155926 0.00406004 0.00763262 0.0122033 0.0176868 0.0239885 0.0310058 0.0386298 0.0467473 0.055242 0.0639961 0.0728922 0.081814 0.0906484 0.0992862 0.107624 0.115564 0.123015 0.129897 0.136136 0.141667 0.146438 0.150405 0.153534 0.155803 0.157199 0.15772 0.157375 0.156181 0.154164 0.151359 0.147809 0.143565 0.138682 0.133223 0.127252 0.120841 0.114062 0.106989 0.0996969 0.0922616 0.084757 0.0772555 0.0698271 0.0625382 0.0554514 0.0486247 0.0421107 0.0359568 0.0302038 0.0248866 0.0200333 0.0156655 0.0117976 0.00843746 0.00558628 0.00323854 0.00138241 
0.000195847 0.00185537 0.00492051 0.00931504 0.0149468 0.0217099 0.0294867 0.03815 0.047565 0.0575915 0.0680854 0.0789013 0.0898936 0.100919 0.111837 0.122512 0.132818 0.142632 0.151843 0.160351 0.168064 0.174903 0.180803 0.185708 0.189578 0.192385 0.194113 0.194761 0.194336 0.192862 0.190371 0.186907 0.182522 0.177277 0.171244 0.164497 0.157118 0.149195 0.140817 0.132076 0.123064 0.113875 0.104601 0.0953303 0.0861507 0.0771441 0.0683878 0.0599537 0.0519069 0.044306 0.0372018 0.0306373 0.0246476 0.0192592 0.0144904 0.0103511 0.00684275 0.00395892 0.00168526 
0.000179502 0.00210438 0.00570356 0.010885 0.0175384 0.0255371 0.0347411 0.044999 0.0561507 0.0680295 0.0804644 0.0932827 0.106312 0.119381 0.132324 0.144981 0.1572 0.168837 0.179761 0.18985 0.198998 0.20711 0.214108 0.219928 0.22452 0.227852 0.229905 0.230676 0.230177 0.228432 0.225482 0.221377 0.216179 0.209964 0.202812 0.194814 0.186067 0.176674 0.166742 0.156378 0.145695 0.134801 0.123807 0.112818 0.101936 0.0912609 0.0808831 0.0708882 0.0613537 0.052349 0.0439347 0.0361619 0.0290723 0.0226976 0.0170597 0.0121704 0.00803182 0.0046365 0.00196772 
0.000141016 0.00230409 0.00640497 0.0123359 0.0199684 0.0291556 0.0397353 0.0515328 0.0643628 0.0780331 0.0923465 0.107104 0.122105 0.137155 0.152061 0.166639 0.180713 0.194119 0.206703 0.218327 0.228867 0.238215 0.24628 0.252988 0.258283 0.262125 0.264494 0.265387 0.264816 0.262811 0.259416 0.254691 0.248708 0.241551 0.233316 0.224106 0.214033 0.203216 0.191777 0.179842 0.167538 0.154992 0.142331 0.129676 0.117146 0.104855 0.0929068 0.0814012 0.0704273 0.0600653 0.0503851 0.0414458 0.0332955 0.0259712 0.0194981 0.0138902 0.00914998 0.00526922 0.00222891 
8.01428e-05 0.0024533 0.007022 0.0136628 0.0222293 0.0325549 0.0444558 0.057734 0.0721803 0.0875773 0.103702 0.12033 0.137237 0.154199 0.171001 0.187436 0.203303 0.218418 0.232608 0.245717 0.257604 0.268149 0.277247 0.284815 0.29079 0.295128 0.297805 0.298816 0.298178 0.295922 0.2921 0.286777 0.280035 0.27197 0.262688 0.252307 0.240953 0.22876 0.215866 0.202412 0.188543 0.174402 0.16013 0.145867 0.131746 0.117894 0.104431 0.0914682 0.0791065 0.0674367 0.0565376 0.0464762 0.0373072 0.0290721 0.0217998 0.0155062 0.0101945 0.00585556 0.00246823 
-2.93856e-06 0.00255165 0.0075531 0.0148625 0.0243158 0.035727 0.0488912 0.0635881 0.0795849 0.0966402 0.114506 0.132933 0.151672 0.170475 0.189103 0.207325 0.22492 0.241682 0.25742 0.27196 0.285147 0.296845 0.306939 0.315338 0.32197 0.326787 0.329762 0.330891 0.330189 0.327694 0.323461 0.317563 0.310092 0.301153 0.290864 0.279356 0.26677 0.253252 0.238956 0.224041 0.208665 0.192988 0.177166 0.161355 0.145703 0.13035 0.11543 0.101067 0.0873721 0.0744468 0.0623787 0.0512423 0.0410985 0.0319936 0.0239599 0.0170152 0.0111634 0.00639446 0.00268527 
-0.000107698 0.00259949 0.00799778 0.015933 0.026224 0.0386656 0.0530327 0.069083 0.0865613 0.105202 0.124735 0.144885 0.16538 0.185948 0.206327 0.226264 0.245517 0.263861 0.281085 0.297 0.311435 0.324241 0.335294 0.344492 0.351757 0.357036 0.360299 0.361542 0.360781 0.358057 0.353432 0.346984 0.338814 0.329038 0.317784 0.305195 0.291426 0.276637 0.260998 0.244681 0.22786 0.210709 0.193402 0.176108 0.158987 0.142197 0.125882 0.110177 0.095207 0.0810813 0.0678966 0.0557347 0.0446622 0.0347303 0.0259745 0.0184147 0.0120551 0.00688523 0.00287985 
-0.000233306 0.00259776 0.00835645 0.0168737 0.0279514 0.0413663 0.0568731 0.0742088 0.0930962 0.113248 0.134369 0.156163 0.178333 0.200586 0.222638 0.244214 0.265052 0.284908 0.303554 0.320784 0.336413 0.350282 0.362253 0.372216 0.380088 0.38581 0.38935 0.390704 0.389889 0.386948 0.381949 0.374977 0.366141 0.355565 0.343389 0.329769 0.31487 0.298868 0.281946 0.264289 0.246087 0.22753 0.208805 0.190093 0.171572 0.15341 0.135764 0.118781 0.102596 0.0873277 0.0730812 0.0599452 0.0479922 0.0372779 0.0278408 0.0197028 0.0128688 0.00732753 0.00305192 
-0.000378682 0.00254792 0.00863033 0.0176849 0.0294972 0.0438261 0.0604074 0.0789578 0.0991791 0.120762 0.14339 0.166745 0.190507 0.214362 0.238004 0.261139 0.283486 0.304781 0.324781 0.343264 0.360032 0.374912 0.387758 0.398452 0.406904 0.41305 0.416856 0.418317 0.417452 0.414307 0.408954 0.401485 0.392016 0.38068 0.367628 0.353027 0.337055 0.319899 0.301756 0.282826 0.263312 0.243418 0.223343 0.203285 0.183433 0.163968 0.145058 0.126863 0.109526 0.0931753 0.0779239 0.0638673 0.0510837 0.0396329 0.0295566 0.0208784 0.013604 0.0077213 0.0032016 
-0.000542527 0.00245189 0.00882131 0.0183678 0.0308614 0.0460437 0.0636321 0.0833241 0.104801 0.127734 0.151785 0.176613 0.20188 0.22725 0.252398 0.277009 0.300784 0.323443 0.344726 0.364397 0.382244 0.398084 0.411762 0.423149 0.432152 0.438701 0.442762 0.444326 0.443415 0.440079 0.434392 0.426454 0.416387 0.404333 0.390453 0.374924 0.357936 0.339688 0.32039 0.300255 0.2795 0.25834 0.23699 0.215659 0.194549 0.173852 0.15375 0.13441 0.115986 0.0986148 0.0824175 0.0674958 0.0539328 0.0417928 0.0311205 0.021941 0.0142606 0.00806677 0.00332912 
-0.000723357 0.00231198 0.0089319 0.0189248 0.0320454 0.0480189 0.0665454 0.0873038 0.109957 0.134155 0.15954 0.185754 0.212435 0.23923 0.265795 0.291795 0.316916 0.34086 0.363352 0.384143 0.403009 0.419755 0.434217 0.44626 0.455783 0.462715 0.467017 0.468681 0.46773 0.464214 0.458215 0.449836 0.439207 0.426478 0.411819 0.395418 0.377473 0.358199 0.337814 0.316545 0.294621 0.272271 0.249722 0.227193 0.2049 0.183046 0.161823 0.141408 0.121965 0.103639 0.0865564 0.0708263 0.0565369 0.0437562 0.0325317 0.0228903 0.0148389 0.0083644 0.00343483 
-0.000919528 0.00213084 0.00896517 0.0193586 0.0330514 0.0497531 0.0691471 0.0908948 0.114641 0.140017 0.166648 0.194154 0.222157 0.250284 0.278173 0.305474 0.331855 0.357002 0.380627 0.402468 0.422289 0.439885 0.455084 0.467743 0.477756 0.485048 0.489577 0.491337 0.490349 0.486668 0.480378 0.471588 0.460434 0.447075 0.431688 0.41447 0.395632 0.375397 0.353996 0.331667 0.30865 0.285187 0.261516 0.237869 0.214471 0.191536 0.169267 0.14785 0.127457 0.108241 0.0903362 0.0738561 0.0588942 0.0455222 0.0337902 0.0237269 0.0153396 0.00861488 0.0035192 
-0.00112926 0.00191142 0.00892467 0.0196729 0.0338826 0.0512485 0.0714382 0.0940967 0.118852 0.145317 0.173101 0.201804 0.231033 0.260397 0.289517 0.318026 0.345578 0.371845 0.396525 0.419343 0.440053 0.458442 0.474327 0.487561 0.498031 0.50566 0.510404 0.512254 0.511234 0.507402 0.500843 0.491672 0.480032 0.466088 0.450025 0.43205 0.412382 0.391254 0.368909 0.345596 0.321565 0.297068 0.272355 0.24767 0.223247 0.19931 0.176072 0.153727 0.132456 0.112418 0.093754 0.0765835 0.061004 0.0470908 0.0348967 0.0244517 0.0157638 0.00881913 0.00358279 
-0.00135066 0.00165692 0.00881436 0.019872 0.0345432 0.0525086 0.0734211 0.0969105 0.122588 0.150053 0.178894 0.208699 0.239056 0.269558 0.299812 0.329435 0.358067 0.385367 0.411021 0.434742 0.456275 0.475396 0.491917 0.505683 0.516578 0.524519 0.529463 0.531398 0.530352 0.526381 0.519575 0.510056 0.497969 0.483486 0.466801 0.448128 0.427696 0.405746 0.382532 0.358311 0.333345 0.307897 0.282225 0.256584 0.231217 0.20636 0.18223 0.159034 0.136957 0.116166 0.0968081 0.0790076 0.0628664 0.0484629 0.0358523 0.0250661 0.0161129 0.00897825 0.00362625 
-0.00158174 0.00137077 0.00863859 0.0199606 0.0350378 0.0535378 0.0750997 0.0993388 0.125852 0.154223 0.184026 0.214833 0.246218 0.277759 0.309048 0.339689 0.369308 0.397553 0.424098 0.448646 0.470932 0.490724 0.507828 0.522083 0.533368 0.541597 0.546726 0.548742 0.547672 0.543577 0.536548 0.526711 0.514217 0.499243 0.481992 0.462682 0.441552 0.418852 0.394844 0.369795 0.343976 0.317659 0.291113 0.2646 0.238374 0.212677 0.187737 0.163766 0.140957 0.119484 0.0994982 0.0811291 0.0644825 0.0496399 0.0366588 0.0255719 0.0163883 0.00909354 0.00365034 
-0.00182043 0.00105657 0.00840206 0.0199441 0.0353721 0.0543415 0.0764786 0.101386 0.128646 0.15783 0.188497 0.220206 0.252517 0.284995 0.317218 0.348779 0.379291 0.40839 0.435742 0.461038 0.484007 0.504408 0.522041 0.53674 0.54838 0.556873 0.56217 0.564261 0.563173 0.558967 0.551739 0.541616 0.528755 0.51334 0.495577 0.475693 0.453933 0.430556 0.405832 0.380035 0.353447 0.326346 0.299011 0.271712 0.244712 0.218259 0.19259 0.167922 0.144457 0.122372 0.101825 0.0829494 0.0658543 0.0506241 0.0373184 0.0259713 0.0165922 0.00916645 0.00365586 
-0.00206461 0.000718111 0.0081097 0.0198281 0.035552 0.0549258 0.077564 0.103057 0.130975 0.160877 0.19231 0.224819 0.257953 0.291264 0.324319 0.3567 0.388008 0.417871 0.445943 0.471909 0.495488 0.516435 0.534542 0.54964 0.561598 0.570328 0.575779 0.57794 0.576837 0.572535 0.56513 0.554755 0.541569 0.52576 0.507542 0.487147 0.464827 0.440847 0.415485 0.389022 0.361749 0.333951 0.305914 0.277916 0.250227 0.223103 0.196787 0.171503 0.147456 0.124832 0.103791 0.084471 0.0669844 0.0514184 0.037834 0.0262668 0.0167266 0.00919861 0.0036437 
-0.00231211 0.000359263 0.00776673 0.0196188 0.0355845 0.0552977 0.0783626 0.104359 0.132846 0.16337 0.195468 0.228676 0.262528 0.296568 0.330352 0.363451 0.395458 0.425992 0.454697 0.481252 0.505369 0.526797 0.545322 0.560772 0.573013 0.581954 0.587542 0.589766 0.588653 0.584268 0.576711 0.566115 0.552646 0.536494 0.517878 0.497036 0.474225 0.449718 0.423796 0.396752 0.368878 0.340469 0.311818 0.28321 0.254919 0.227209 0.200329 0.174509 0.149958 0.126866 0.105399 0.0856974 0.0678766 0.0520262 0.0382089 0.0264614 0.0167941 0.00919179 0.00361483 
-0.00256075 -1.59884e-05 0.00737854 0.0193227 0.0354766 0.0554649 0.0788824 0.105299 0.134265 0.165316 0.19798 0.231782 0.266248 0.300912 0.33532 0.369035 0.401643 0.432752 0.462003 0.489066 0.513647 0.53549 0.554377 0.570133 0.582619 0.591743 0.597452 0.599733 0.598614 0.594161 0.586475 0.575692 0.561981 0.545536 0.52658 0.505355 0.482124 0.457165 0.430765 0.403221 0.374833 0.345902 0.316726 0.287595 0.25879 0.230581 0.203221 0.176944 0.151966 0.128479 0.106654 0.086633 0.0685351 0.0524516 0.0384469 0.0265584 0.0167972 0.00914788 0.00357026 
-0.00280831 -0.000403599 0.00695067 0.0189465 0.035236 0.0554357 0.0791321 0.105887 0.135241 0.166724 0.199853 0.234146 0.26912 0.304301 0.339229 0.373458 0.406567 0.438158 0.467865 0.495354 0.520325 0.542517 0.56171 0.577722 0.590417 0.599698 0.60551 0.607842 0.60672 0.602212 0.594421 0.583485 0.569574 0.552887 0.533648 0.512105 0.488526 0.46319 0.436392 0.408433 0.379618 0.350253 0.32064 0.291075 0.261845 0.233223 0.205466 0.178814 0.153485 0.129677 0.107561 0.0872832 0.068965 0.0526994 0.038552 0.0265614 0.0167388 0.00906891 0.00351105 
-0.00305259 -0.00079949 0.00648879 0.0184972 0.0348708 0.055219 0.0791213 0.106132 0.135786 0.167604 0.201098 0.235778 0.271154 0.306747 0.342089 0.376729 0.410239 0.442218 0.472292 0.500124 0.525409 0.547885 0.567325 0.583548 0.596413 0.605822 0.611721 0.614097 0.612977 0.608428 0.600556 0.589499 0.57543 0.55855 0.539088 0.517292 0.493434 0.467799 0.440684 0.412394 0.383238 0.353527 0.323567 0.293658 0.264091 0.235142 0.207073 0.180126 0.154524 0.130466 0.108126 0.087654 0.069172 0.0527747 0.0385291 0.0264742 0.0166219 0.00895701 0.00343831 
-0.00329142 -0.00119958 0.00599862 0.017982 0.0343893 0.0548242 0.0788603 0.106046 0.13591 0.167969 0.201727 0.23669 0.272364 0.308263 0.343913 0.378861 0.412673 0.444944 0.475296 0.503388 0.528914 0.551605 0.571235 0.58762 0.600617 0.610128 0.616096 0.618509 0.617394 0.612818 0.604888 0.593744 0.579559 0.562538 0.542909 0.520925 0.49686 0.471002 0.44365 0.415113 0.385704 0.355735 0.325517 0.295353 0.265536 0.236347 0.208049 0.180888 0.155089 0.130853 0.108357 0.0877526 0.0691626 0.0526833 0.0383829 0.026301 0.0164499 0.0088144 0.00335321 
-0.00352265 -0.0015998 0.00548594 0.017408 0.0338001 0.0542611 0.0783598 0.10564 0.135627 0.167831 0.201755 0.236899 0.272765 0.308863 0.344718 0.37987 0.413885 0.446353 0.476894 0.505164 0.530854 0.553695 0.573458 0.589956 0.603047 0.612631 0.618651 0.621094 0.619987 0.615399 0.607434 0.596235 0.581977 0.564863 0.545126 0.523019 0.498818 0.472812 0.445304 0.416604 0.387028 0.35689 0.326503 0.296172 0.266194 0.23685 0.208406 0.181111 0.155191 0.130849 0.108263 0.0875866 0.0689436 0.0524314 0.0381188 0.0260462 0.016226 0.0086434 0.00325693 
-0.00374416 -0.00199614 0.00495651 0.0167827 0.0331122 0.05354 0.0776315 0.104927 0.13495 0.167206 0.201197 0.236419 0.272373 0.308566 0.34452 0.379776 0.413894 0.446464 0.477105 0.505471 0.531251 0.554175 0.574013 0.590577 0.603724 0.613354 0.619408 0.621874 0.620779 0.61619 0.608214 0.596994 0.582703 0.565547 0.545758 0.523593 0.499325 0.473248 0.445664 0.416884 0.387227 0.357007 0.326539 0.29613 0.266076 0.236663 0.208157 0.180807 0.154841 0.130463 0.107853 0.0871645 0.0685226 0.0520255 0.0377424 0.0257142 0.0159538 0.00844637 0.00315066 
-0.00395392 -0.00238464 0.00441605 0.0161135 0.0323344 0.0526712 0.076687 0.103921 0.133893 0.166109 0.200069 0.235269 0.271207 0.307392 0.343343 0.3786 0.412723 0.445302 0.475955 0.504335 0.530131 0.553072 0.572927 0.58951 0.602675 0.612322 0.618393 0.620875 0.619794 0.615218 0.607254 0.596044 0.581761 0.564612 0.54483 0.522669 0.498405 0.472331 0.444749 0.415973 0.386319 0.356104 0.325643 0.295242 0.265201 0.235802 0.207315 0.179988 0.15405 0.129707 0.107137 0.0864954 0.0679078 0.0514726 0.0372596 0.0253099 0.0156368 0.00822575 0.00303565 
-0.00414995 -0.00276148 0.00387019 0.0154078 0.0314758 0.0516655 0.0755389 0.102634 0.132472 0.164558 0.198392 0.233469 0.26929 0.305363 0.341209 0.376367 0.410399 0.442894 0.473471 0.501784 0.527522 0.550415 0.570231 0.586785 0.59993 0.609567 0.615637 0.618127 0.617064 0.612515 0.604585 0.593416 0.579182 0.562089 0.542368 0.520274 0.496084 0.470086 0.442586 0.413895 0.384328 0.354204 0.323835 0.29353 0.263584 0.234284 0.205896 0.178669 0.152833 0.128592 0.106126 0.085589 0.0671076 0.0507801 0.0366764 0.0248382 0.0152788 0.007984 0.00291313 
-0.00433037 -0.00312293 0.00332446 0.0146727 0.0305456 0.0505337 0.0741997 0.101082 0.130703 0.16257 0.196183 0.231041 0.266645 0.302505 0.338145 0.373105 0.40695 0.43927 0.469685 0.497852 0.523459 0.546239 0.56596 0.582437 0.595526 0.605125 0.611177 0.613669 0.612625 0.608114 0.60024 0.589144 0.574999 0.55801 0.538406 0.516442 0.492391 0.466544 0.439202 0.410675 0.38128 0.35133 0.321139 0.291013 0.261248 0.232126 0.203917 0.176866 0.151203 0.127132 0.104831 0.0844556 0.0661309 0.0499555 0.0359993 0.0243041 0.0148834 0.00772363 0.00278434 
-0.00449339 -0.00346541 0.00278422 0.0139157 0.0295527 0.0492869 0.0726822 0.09928 0.128603 0.160164 0.193464 0.228006 0.263295 0.298844 0.334179 0.368844 0.402408 0.434463 0.464632 0.492573 0.517979 0.540582 0.560153 0.576508 0.589502 0.599037 0.605054 0.607539 0.606518 0.602057 0.594261 0.583268 0.569251 0.552412 0.532979 0.511205 0.487361 0.461735 0.434627 0.406345 0.377201 0.347508 0.317579 0.287715 0.258212 0.22935 0.201396 0.174596 0.149176 0.12534 0.103265 0.0831059 0.064987 0.0490067 0.0352346 0.0237127 0.0144546 0.00744712 0.00265053 
-0.00463733 -0.00378554 0.00225465 0.0131435 0.0285061 0.0479359 0.0709997 0.097242 0.12619 0.157359 0.190257 0.22439 0.259267 0.294408 0.329341 0.363618 0.396808 0.42851 0.45835 0.485989 0.511123 0.533486 0.552853 0.56904 0.581905 0.591347 0.597312 0.599783 0.598787 0.594389 0.586691 0.575831 0.56198 0.545337 0.526128 0.504603 0.481031 0.455697 0.428896 0.400935 0.372122 0.342769 0.313181 0.283662 0.254501 0.225977 0.198354 0.171876 0.146768 0.12323 0.101441 0.0815511 0.0636856 0.0479418 0.0343891 0.0230691 0.0139961 0.007157 0.00251293 
-0.00476064 -0.00408011 0.00174071 0.0123632 0.0274146 0.0464917 0.0691651 0.0949841 0.123481 0.154176 0.186584 0.220217 0.25459 0.289227 0.323666 0.357461 0.390188 0.42145 0.45088 0.478142 0.502935 0.524998 0.544108 0.560082 0.572781 0.582106 0.588001 0.590452 0.589483 0.585158 0.577579 0.566881 0.553232 0.53683 0.517897 0.496679 0.473443 0.448468 0.422047 0.394482 0.366078 0.337142 0.307977 0.27888 0.250139 0.22203 0.194811 0.168726 0.143996 0.120819 0.0993716 0.0798029 0.0622365 0.046769 0.0334693 0.0223787 0.0135117 0.00685573 0.00237274 
-0.00486189 -0.00434613 0.00124709 0.0115813 0.0262869 0.044965 0.0671916 0.0925217 0.120494 0.150637 0.18247 0.215514 0.249292 0.283335 0.317186 0.350409 0.382586 0.413326 0.442266 0.469077 0.493463 0.515166 0.533967 0.549685 0.562184 0.571366 0.577175 0.579598 0.578657 0.574417 0.566976 0.556468 0.543058 0.52694 0.508333 0.487479 0.464639 0.44009 0.414119 0.387024 0.359104 0.330662 0.301996 0.273398 0.245153 0.217532 0.19079 0.165166 0.140878 0.118122 0.0970708 0.0778729 0.0606498 0.0454968 0.032482 0.0216467 0.0130052 0.00654577 0.00223116 
-0.00493981 -0.00458087 0.000778199 0.010804 0.0251312 0.0433666 0.0650923 0.0898707 0.117248 0.146761 0.177938 0.210308 0.243403 0.276762 0.309939 0.342503 0.374045 0.404181 0.432555 0.458844 0.482758 0.504044 0.522485 0.537905 0.55017 0.559184 0.564891 0.567278 0.566368 0.562223 0.554939 0.544648 0.531511 0.515719 0.497486 0.47705 0.454667 0.430607 0.405155 0.3786 0.351237 0.323363 0.295271 0.267248 0.239572 0.21251 0.186313 0.161216 0.137432 0.115154 0.0945528 0.0757734 0.0589356 0.0441334 0.031434 0.0208782 0.0124804 0.00622953 0.00208934 
-0.00499327 -0.00478184 0.000338111 0.0100372 0.0239557 0.0417067 0.0628802 0.0870467 0.113762 0.142571 0.173014 0.204628 0.236955 0.269545 0.301961 0.333782 0.364607 0.394061 0.421796 0.447495 0.470874 0.491686 0.509719 0.524801 0.536799 0.54562 0.55121 0.553554 0.552676 0.548635 0.541527 0.531479 0.518649 0.503223 0.485411 0.465445 0.443576 0.420068 0.395199 0.369252 0.342517 0.315283 0.287837 0.260459 0.233424 0.20699 0.181405 0.156897 0.133677 0.111933 0.0918319 0.0735165 0.0571043 0.0426874 0.030332 0.0200784 0.011941 0.00590934 0.0019484 
-0.00502131 -0.00494686 -6.94472e-05 0.00928657 0.0227679 0.0399954 0.0605678 0.0840653 0.110054 0.138089 0.167721 0.198501 0.22998 0.261719 0.293293 0.324289 0.354319 0.383016 0.41004 0.435083 0.457867 0.478151 0.495729 0.510433 0.522133 0.530738 0.536195 0.53849 0.537645 0.533718 0.526803 0.517023 0.504531 0.48951 0.472164 0.452719 0.431419 0.408522 0.384299 0.359027 0.332986 0.306461 0.279729 0.253067 0.226739 0.200999 0.176089 0.152232 0.129632 0.108475 0.0889227 0.0711148 0.0551662 0.0411673 0.0291827 0.0192523 0.0113905 0.00558746 0.0018094 
-0.00502315 -0.00507403 -0.000441139 0.00855717 0.0215751 0.0382425 0.0581677 0.0809418 0.106142 0.133336 0.162087 0.191957 0.22251 0.25332 0.283973 0.314068 0.343228 0.371095 0.397341 0.421664 0.443795 0.4635 0.480579 0.494867 0.506238 0.514604 0.519914 0.522152 0.521342 0.517539 0.510832 0.501343 0.489221 0.474642 0.457804 0.438928 0.41825 0.396021 0.372505 0.347969 0.322688 0.296936 0.270986 0.245104 0.219548 0.194566 0.170392 0.147243 0.125318 0.104798 0.0858399 0.0685805 0.0531316 0.0395812 0.0279927 0.0184049 0.0108325 0.00526606 0.00167336 
-0.00499819 -0.00516178 -0.000774046 0.00785367 0.0203842 0.0364571 0.0556918 0.0776914 0.102045 0.128335 0.156137 0.185025 0.214579 0.244386 0.274043 0.303164 0.331382 0.358351 0.383753 0.407297 0.428721 0.447797 0.464333 0.478169 0.489183 0.497289 0.502437 0.504613 0.503837 0.500166 0.493684 0.484509 0.472785 0.458682 0.442394 0.424132 0.404126 0.38262 0.359866 0.336127 0.311667 0.286751 0.261645 0.236606 0.211884 0.187719 0.164338 0.141952 0.120754 0.100918 0.0825982 0.0659261 0.0510107 0.0379375 0.0267682 0.017541 0.0102701 0.0049472 0.00154123 
-0.00494603 -0.00520889 -0.0010657 0.00718021 0.0192012 0.0346479 0.0531518 0.0743288 0.0977824 0.123108 0.149895 0.177736 0.206221 0.234954 0.263545 0.291622 0.318831 0.344838 0.369335 0.392041 0.412705 0.431107 0.447059 0.460409 0.471038 0.478863 0.483836 0.485943 0.485204 0.481672 0.475429 0.466589 0.455291 0.441698 0.425997 0.408393 0.389106 0.368373 0.346437 0.32355 0.299969 0.275949 0.251746 0.227609 0.203779 0.180488 0.157955 0.136383 0.11596 0.0968536 0.0792125 0.063164 0.0488136 0.0362442 0.0255156 0.016665 0.00970673 0.00463281 0.00141389 
-0.00486647 -0.0052145 -0.0013141 0.00654039 0.018032 0.0328232 0.0505587 0.0708684 0.0933705 0.117676 0.14339 0.170118 0.197471 0.225063 0.252523 0.27949 0.305626 0.330609 0.354144 0.37596 0.395815 0.413498 0.428828 0.44166 0.451878 0.459402 0.464187 0.466219 0.465517 0.462131 0.456142 0.447656 0.436809 0.423757 0.40868 0.391773 0.373251 0.353339 0.332271 0.31029 0.287642 0.264573 0.241329 0.218149 0.195266 0.172902 0.151268 0.13056 0.110957 0.0926216 0.0756972 0.0603061 0.0465501 0.034509 0.0242408 0.0157815 0.00914519 0.00432468 0.00129214 
-0.00475953 -0.00517814 -0.00151777 0.00593722 0.0168815 0.0309904 0.047923 0.067324 0.0888275 0.11206 0.136645 0.162203 0.188362 0.214752 0.241018 0.266816 0.291819 0.315721 0.33824 0.359114 0.378115 0.395038 0.409711 0.421993 0.431776 0.438982 0.443567 0.445518 0.444853 0.441621 0.435896 0.427784 0.417412 0.40493 0.39051 0.37434 0.356623 0.337576 0.317424 0.296398 0.274734 0.252669 0.230436 0.208265 0.18638 0.164992 0.144305 0.124504 0.105764 0.0882393 0.0720668 0.0573645 0.0442298 0.0327396 0.0229495 0.0148945 0.00858828 0.00402443 0.00117671 
-0.00462545 -0.00509975 -0.00167577 0.00537308 0.015754 0.0291565 0.0452545 0.0637088 0.0841702 0.106283 0.129686 0.15402 0.178928 0.20406 0.229075 0.253646 0.277462 0.300231 0.321683 0.34157 0.359673 0.375798 0.38978 0.401485 0.41081 0.417681 0.422054 0.423919 0.423292 0.420218 0.414771 0.407049 0.397174 0.385289 0.371557 0.356157 0.339285 0.321145 0.301952 0.281928 0.261295 0.240281 0.219107 0.197994 0.177153 0.156788 0.137091 0.118241 0.100402 0.0837235 0.0683356 0.0543507 0.041862 0.030943 0.0216471 0.0140078 0.00803851 0.00373352 0.00106819 
-0.00446469 -0.00497966 -0.00178772 0.00484969 0.0146533 0.0273276 0.0425624 0.0600354 0.0794151 0.100363 0.122538 0.145598 0.169205 0.193026 0.216738 0.24003 0.262609 0.284196 0.304535 0.323392 0.340558 0.355849 0.36911 0.380213 0.389059 0.395578 0.39973 0.401503 0.400914 0.398005 0.392846 0.385529 0.376171 0.364907 0.351891 0.337295 0.321302 0.304107 0.285914 0.266932 0.247375 0.227455 0.207386 0.187373 0.167621 0.14832 0.129653 0.111792 0.0948906 0.079091 0.0645171 0.0512758 0.0394554 0.0291261 0.0203385 0.0131248 0.00749811 0.00345319 0.000967123 
-0.00427799 -0.0048187 -0.00185386 0.00436804 0.0135823 0.025509 0.0398549 0.0563156 0.0745779 0.0943222 0.115226 0.136967 0.159226 0.181688 0.20405 0.226017 0.247312 0.267673 0.286858 0.304646 0.320839 0.335266 0.347777 0.358253 0.366601 0.372754 0.376675 0.378352 0.377801 0.375061 0.370199 0.363302 0.354479 0.343858 0.331586 0.317821 0.30274 0.286524 0.269368 0.251467 0.233023 0.214239 0.195313 0.176442 0.157816 0.139618 0.122019 0.10518 0.0892489 0.074358 0.0606249 0.0481505 0.0370185 0.0272951 0.0190284 0.0122488 0.00696902 0.00318449 0.000873891 
-0.00406632 -0.00461814 -0.00187505 0.00392837 0.0125428 0.0237051 0.0371396 0.0525604 0.0696734 0.0881788 0.107774 0.128156 0.149025 0.170087 0.191055 0.211655 0.231625 0.250721 0.268714 0.285398 0.300587 0.31412 0.325856 0.335685 0.343517 0.349292 0.352973 0.354549 0.354036 0.35147 0.346914 0.340449 0.332177 0.322219 0.310712 0.297806 0.283664 0.268459 0.252371 0.235586 0.218292 0.200678 0.182932 0.165238 0.147774 0.130712 0.114214 0.0984288 0.083496 0.0695402 0.0566717 0.0449851 0.0345591 0.0254558 0.0177206 0.0113823 0.0064528 0.00292819 0.000788768 
-0.00383094 -0.00437977 -0.00185286 0.00353011 0.0115361 0.0219195 0.034423 0.04878 0.064716 0.0819515 0.100204 0.119192 0.138635 0.158259 0.177797 0.196992 0.215602 0.233397 0.250166 0.265716 0.279872 0.292485 0.303425 0.312587 0.319889 0.325274 0.328707 0.330179 0.329703 0.327316 0.323072 0.31705 0.309344 0.300066 0.289345 0.27732 0.264143 0.249975 0.234985 0.219345 0.203231 0.186819 0.170284 0.153799 0.137528 0.121633 0.106263 0.0915592 0.0776503 0.0646528 0.0526696 0.0417889 0.0320842 0.0236134 0.0164189 0.0105275 0.00595067 0.00268482 0.000711882 
-0.0035734 -0.0041059 -0.00178955 0.00317185 0.0105624 0.0201547 0.0317107 0.0449833 0.0597187 0.0756581 0.09254 0.110103 0.128089 0.146243 0.164318 0.182078 0.199296 0.215761 0.231277 0.245665 0.258765 0.270437 0.280561 0.28904 0.295799 0.300783 0.303962 0.305326 0.304888 0.302681 0.298756 0.293186 0.286058 0.277475 0.267557 0.256433 0.244242 0.231135 0.217267 0.202798 0.187891 0.172708 0.157412 0.142162 0.127112 0.112409 0.0981924 0.0845928 0.0717296 0.0597103 0.0486302 0.0385709 0.0296004 0.0217724 0.015126 0.0096861 0.00546338 0.0024546 0.000643203 
-0.00329557 -0.00379944 -0.00168819 0.00285126 0.00962101 0.0184124 0.0290072 0.0411788 0.0546939 0.0693152 0.0848026 0.100916 0.117418 0.134076 0.150662 0.166959 0.18276 0.19787 0.212109 0.225314 0.237337 0.248049 0.257341 0.265124 0.271327 0.275903 0.278821 0.280075 0.279674 0.27765 0.27405 0.268939 0.262399 0.254524 0.245424 0.235216 0.22403 0.212004 0.199278 0.186002 0.172323 0.158392 0.144358 0.130366 0.116558 0.103068 0.0900261 0.0775504 0.0657509 0.0547263 0.044564 0.0353389 0.0271133 0.0199364 0.0138441 0.00885914 0.00499122 0.00223739 0.000582523 
-0.00299967 -0.00346393 -0.00155266 0.00256504 0.00870999 0.0166931 0.0263161 0.0373733 0.0496528 0.0629387 0.0770128 0.0916569 0.106655 0.121795 0.13687 0.151683 0.166046 0.179781 0.192724 0.204728 0.215657 0.225395 0.233842 0.240917 0.246557 0.250717 0.253371 0.254511 0.254147 0.252308 0.249036 0.244392 0.238447 0.23129 0.223018 0.21374 0.203574 0.192643 0.181077 0.169011 0.156579 0.143918 0.131163 0.118447 0.105898 0.0936396 0.0817881 0.0704517 0.0597303 0.0497136 0.0404807 0.0321 0.0246277 0.0181084 0.0125747 0.00804696 0.00453391 0.00203267 0.000529431 
-0.00268829 -0.0031036 -0.00138779 0.00230882 0.00782645 0.014996 0.0236397 0.033573 0.0446056 0.0565433 0.0691902 0.0823501 0.0958285 0.109435 0.122984 0.136297 0.149206 0.16155 0.173184 0.183973 0.193796 0.202549 0.210141 0.216501 0.22157 0.225309 0.227694 0.228719 0.228393 0.226739 0.223799 0.219624 0.214282 0.207849 0.200415 0.192077 0.18294 0.173116 0.162723 0.151879 0.140706 0.129329 0.117867 0.106441 0.0951647 0.08415 0.0735012 0.0633158 0.0536831 0.0446839 0.0363892 0.0288601 0.0221472 0.0162902 0.0113181 0.00724911 0.00409052 0.00183948 0.000483278 
-0.0023645 -0.00272348 -0.0011994 0.00207714 0.00696629 0.0133192 0.0209792 0.0297827 0.0395612 0.0501428 0.0613536 0.0730196 0.0849684 0.097031 0.109043 0.120846 0.13229 0.143235 0.153549 0.163114 0.171824 0.179583 0.186315 0.191953 0.196447 0.199761 0.201876 0.202784 0.202494 0.201028 0.198421 0.194719 0.189982 0.184279 0.177688 0.170296 0.162196 0.153487 0.144273 0.13466 0.124756 0.114671 0.104511 0.0943829 0.0843884 0.0746258 0.0651877 0.0561605 0.0476235 0.039648 0.0322969 0.0256241 0.0196744 0.0144826 0.010074 0.00646423 0.00365938 0.00165629 0.000443134 
-0.0020319 -0.00232953 -0.000994432 0.0018633 0.00612414 0.0116598 0.0183344 0.0260059 0.0345276 0.0437496 0.0535203 0.0636882 0.0741029 0.0846168 0.0950867 0.105375 0.11535 0.12489 0.13388 0.142217 0.149808 0.156572 0.162438 0.167352 0.171268 0.174156 0.175999 0.176789 0.176536 0.175257 0.172984 0.169757 0.165627 0.160656 0.154911 0.148467 0.141407 0.133817 0.125786 0.117408 0.108777 0.0999879 0.0911342 0.0823082 0.0735991 0.0650923 0.0568684 0.0490029 0.0415644 0.0346153 0.0282101 0.0223957 0.0172106 0.012685 0.00884042 0.00568987 0.00323791 0.00148094 0.000407721 
-0.00169474 -0.00192878 -0.000781128 0.00165926 0.00529337 0.0100134 0.0157042 0.0222452 0.0295113 0.037375 0.0457068 0.0543775 0.0632588 0.0722249 0.0811534 0.0899269 0.0984336 0.106569 0.114235 0.121344 0.127817 0.133584 0.138586 0.142775 0.146114 0.148576 0.150146 0.150819 0.150601 0.14951 0.14757 0.144817 0.141295 0.137055 0.132155 0.12666 0.120639 0.114167 0.107319 0.100175 0.0928165 0.0853229 0.0777746 0.0702502 0.0628257 0.0555738 0.0485634 0.0418585 0.0355179 0.0295942 0.0241341 0.0191771 0.0147558 0.0108956 0.00761435 0.00492229 0.00282241 0.00131042 0.000375316 
-0.00135815 -0.0015296 -0.000569173 0.00145559 0.00446593 0.0083742 0.013086 0.0185016 0.0245179 0.0310291 0.0379282 0.0451079 0.0524622 0.0598866 0.0672798 0.0745446 0.0815885 0.0883244 0.0946721 0.100558 0.105917 0.110692 0.114832 0.1183 0.121063 0.1231 0.124398 0.124954 0.124773 0.123867 0.12226 0.119979 0.117062 0.11355 0.109492 0.104942 0.0999565 0.0945973 0.0889279 0.0830138 0.0769216 0.0707182 0.0644698 0.0582415 0.052096 0.0460937 0.0402914 0.0347421 0.0294943 0.0245916 0.0200722 0.0159689 0.0123083 0.00911094 0.00639098 0.00415618 0.00240777 0.00114065 0.000343595 
-0.00102849 -0.00114205 -0.000369942 0.00124128 0.0036324 0.00673537 0.0104759 0.0147753 0.0195516 0.0247209 0.0301983 0.0358986 0.0417374 0.0476318 0.0535015 0.059269 0.064861 0.0702083 0.0752472 0.0799195 0.0841731 0.0879624 0.0912486 0.0940001 0.0961922 0.0978079 0.098837 0.0992766 0.0991309 0.0984106 0.097133 0.0953211 0.0930039 0.0902151 0.0869931 0.0833803 0.0794225 0.0751682 0.0706679 0.0659736 0.0611383 0.056215 0.0512562 0.0463135 0.0414369 0.036674 0.03207 0.0276669 0.023503 0.0196129 0.0160269 0.0127705 0.00986478 0.00732561 0.00516369 0.00338428 0.00198708 0.000966036 0.000309362 
-0.000713904 -0.000778332 -0.000196746 0.00100369 0.00278192 0.00508862 0.00786906 0.0110649 0.0146154 0.0184581 0.0225298 0.0267673 0.0311076 0.0354893 0.0398525 0.0441396 0.048296 0.0522704 0.0560153 0.0594876 0.0626484 0.065464 0.0679055 0.0699493 0.0715774 0.0727768 0.0735402 0.0738654 0.0737556 0.0732188 0.0722678 0.0709198 0.0691964 0.0671227 0.0647272 0.0620415 0.0590996 0.0559376 0.052593 0.0491045 0.0455115 0.0418532 0.0381689 0.0344968 0.0308739 0.0273357 0.0239157 0.020645 0.017552 0.0146624 0.0119986 0.00957932 0.00742008 0.00553235 0.0039236 0.00259697 0.00155095 0.000778813 0.000268048 
-0.000425431 -0.000453515 -6.50797e-05 0.00072849 0.00190226 0.00342443 0.00525918 0.00736811 0.00971113 0.012247 0.0149341 0.0177305 0.0205948 0.0234863 0.0263654 0.0291942 0.0319367 0.0345589 0.0370296 0.0393201 0.041405 0.043262 0.044872 0.0462195 0.0472925 0.0480827 0.0485852 0.0487985 0.0487248 0.0483694 0.0477408 0.0468504 0.0457124 0.0443434 0.0427623 0.0409899 0.0390487 0.0369624 0.0347559 0.0324547 0.0300847 0.0276719 0.0252421 0.0228205 0.0204315 0.0180985 0.0158435 0.0136871 0.0116479 0.00974279 0.00798645 0.00639127 0.00496723 0.00372173 0.00265939 0.00178172 0.00108671 0.000567854 0.000212647 
-0.000179074 -0.000186336 7.20685e-06 0.000399729 0.000979849 0.00173213 0.00263894 0.00368134 0.00483948 0.006093 0.00742123 0.0088035 0.0102193 0.0116484 0.0130714 0.0144695 0.0158248 0.0171205 0.0183413 0.019473 0.0205029 0.0214201 0.0222151 0.0228804 0.02341 0.0237998 0.0240473 0.024152 0.0241148 0.0239385 0.0236272 0.0231865 0.0226236 0.0219467 0.021165 0.0202889 0.0193295 0.0182985 0.0172083 0.0160713 0.0149005 0.0137087 0.0125086 0.0113126 0.0101328 0.0089808 0.00786737 0.00680265 0.00579588 0.00485532 0.00398819 0.00320059 0.00249739 0.00188216 0.00135705 0.000922579 0.000577247 0.000316636 0.000131203 
