0 0 0 0 0 0 0 0 0 0 0 
0 0.041703 0.146875 0.266001 0.342897 0.340815 0.259473 0.135017 0.0229015 -0.0283064 0 
0 0.0789109 0.277049 0.501304 0.646034 0.64215 0.489132 0.254946 0.0438691 -0.0527787 0 
0 0.107725 0.375947 0.679069 0.874627 0.869463 0.662896 0.346607 0.0612413 -0.0700341 0 
0 0.12537 0.432992 0.779734 1.00328 0.997521 0.761718 0.400393 0.073849 -0.077554 0 
0 0.130571 0.443011 0.7936 1.01935 1.01373 0.776069 0.411494 0.0811226 -0.0740391 0 
0 0.123709 0.406975 0.72231 0.924903 0.920062 0.707347 0.380486 0.0829939 -0.0597334 0 
0 0.106616 0.33192 0.579098 0.737231 0.733614 0.568108 0.313156 0.0794269 -0.0368434 0 
0 0.0816679 0.229831 0.387869 0.488151 0.4859 0.38125 0.219442 0.0692356 -0.0104236 0 
0 0.0491978 0.115123 0.181464 0.222866 0.221846 0.17862 0.111383 0.0474701 0.00926162 0 
0 0 0 0 0 0 0 0 0 0 0 