0.000335075 0.00168564 0.00397927 0.00711455 0.010968 0.0153999 0.0202595 0.0253903 0.0306346 0.0358381 0.0408536 0.0455451 0.0497908 0.0534855 0.0565428 0.0588965 0.0605013 0.0613335 0.06139 0.0606879 0.0592629 0.0571676 0.0544692 0.0512474 0.0475913 0.0435968 0.0393638 0.0349933 0.0305845 0.0262326 0.0220263 0.0180454 0.0143595 0.0110265 0.00809137 0.00558543 0.00352631 0.00191774 0.000749906 
0.000626171 0.00326522 0.00776928 0.0139362 0.0215214 0.0302487 0.0398208 0.0499288 0.0602617 0.0705151 0.0803991 0.0896454 0.0980136 0.105296 0.111323 0.115964 0.119129 0.120771 0.120885 0.119503 0.116697 0.112569 0.107252 0.100904 0.0936994 0.0858278 0.0774862 0.0688735 0.0601857 0.0516104 0.0433225 0.0354796 0.0282192 0.0216554 0.0158771 0.0109465 0.0068986 0.00374139 0.00145636 
0.000853214 0.00469803 0.0113086 0.0203825 0.0315561 0.0444205 0.0585357 0.0734453 0.0886897 0.103819 0.118405 0.132052 0.144405 0.155156 0.164055 0.170909 0.175585 0.178014 0.178186 0.176151 0.172013 0.165924 0.15808 0.148713 0.138082 0.126467 0.114157 0.101448 0.0886285 0.075976 0.0637488 0.0521803 0.0414736 0.0317977 0.0232842 0.0160258 0.0100747 0.00544352 0.00210616 
0.0010049 0.00595788 0.0145539 0.0263908 0.0409892 0.0578106 0.0762774 0.0957903 0.115747 0.135557 0.154659 0.172533 0.188715 0.202802 0.214463 0.223447 0.229579 0.232768 0.233001 0.230343 0.22493 0.216961 0.206693 0.194428 0.180508 0.165298 0.149179 0.132537 0.115752 0.0991872 0.0831816 0.0680416 0.0540342 0.0413813 0.0302562 0.020781 0.0130252 0.00700629 0.00269138 
0.00107564 0.00702883 0.0174751 0.0319147 0.0497548 0.0703326 0.0929373 0.116833 0.141279 0.165552 0.188962 0.210872 0.230711 0.247984 0.262287 0.273309 0.280836 0.284756 0.285053 0.281805 0.275179 0.26542 0.252841 0.237814 0.220758 0.202119 0.182368 0.161976 0.14141 0.121116 0.101512 0.0829725 0.0658267 0.0503476 0.0367487 0.0251804 0.0157293 0.00841797 0.00320728 
0.00106391 0.00790261 0.020053 0.0369201 0.057802 0.081916 0.108424 0.13646 0.165152 0.193649 0.221139 0.246873 0.270178 0.290474 0.307285 0.320243 0.329098 0.333716 0.334079 0.330278 0.322508 0.311056 0.296292 0.278652 0.258627 0.236744 0.213553 0.189612 0.165469 0.141649 0.118643 0.0968942 0.0767887 0.0586489 0.0427268 0.0292004 0.0181726 0.00967117 0.00365129 
0.000971216 0.00857685 0.0222769 0.0413842 0.0650925 0.0925047 0.122663 0.154575 0.187248 0.219708 0.25103 0.280357 0.306923 0.330063 0.349235 0.364018 0.374127 0.379408 0.379839 0.375523 0.366683 0.353646 0.336833 0.316741 0.293929 0.269001 0.242583 0.215312 0.187813 0.160687 0.134494 0.10974 0.0868685 0.0662467 0.0481638 0.0328239 0.0203456 0.0107618 0.00402248 
0.000801436 0.00905391 0.0241428 0.0452931 0.0715989 0.102056 0.135592 0.171099 0.207468 0.243612 0.278498 0.31117 0.340772 0.366565 0.387939 0.404427 0.415709 0.421613 0.422113 0.417325 0.407494 0.392987 0.37427 0.351899 0.326498 0.298739 0.269321 0.238955 0.208339 0.178143 0.148993 0.121455 0.0960241 0.0731112 0.0530399 0.0360394 0.0222429 0.0116883 0.00432118 
0.000560298 0.00934005 0.0256531 0.0486409 0.0773043 0.110538 0.147164 0.185968 0.22573 0.26526 0.303425 0.339177 0.371578 0.399816 0.423223 0.441287 0.453655 0.460139 0.46071 0.455492 0.444755 0.428898 0.408433 0.383969 0.356187 0.325825 0.29365 0.260439 0.226959 0.193945 0.162083 0.131995 0.104223 0.0792201 0.0573417 0.0388401 0.0238625 0.0124516 0.0045488 
0.000255032 0.00944473 0.026815 0.0514288 0.0822006 0.117932 0.157347 0.199132 0.241969 0.284571 0.325714 0.364266 0.399213 0.429677 0.454938 0.47444 0.487803 0.494821 0.495462 0.489859 0.478304 0.461225 0.439176 0.412812 0.382871 0.350148 0.31547 0.279679 0.243602 0.208034 0.173718 0.141324 0.111441 0.0845586 0.0610615 0.0412238 0.0252057 0.0130544 0.00470763 
-0.000105937 0.00938011 0.0276401 0.0536646 0.0862883 0.124227 0.166119 0.210557 0.256137 0.301483 0.345289 0.386347 0.423575 0.456037 0.482963 0.503758 0.518018 0.52552 0.52623 0.52029 0.508008 0.48984 0.466378 0.438318 0.406448 0.371615 0.334702 0.296606 0.258212 0.220367 0.183863 0.14942 0.117663 0.0891185 0.064197 0.0431923 0.0262765 0.0135011 0.00480079 
-0.000513241 0.00916055 0.028144 0.0553613 0.0895753 0.129426 0.173471 0.220225 0.268202 0.315952 0.362094 0.405354 0.444589 0.478809 0.507201 0.52914 0.544193 0.552127 0.552905 0.546675 0.53376 0.514642 0.489943 0.460398 0.426838 0.390156 0.351284 0.31117 0.270747 0.23091 0.192498 0.156267 0.122883 0.0928986 0.0667511 0.0447511 0.0270814 0.0137977 0.00483205 
-0.000956798 0.00880223 0.0283453 0.0565372 0.0920766 0.133536 0.179405 0.228128 0.27815 0.327954 0.376096 0.421243 0.462199 0.497931 0.527587 0.550511 0.566252 0.574564 0.575407 0.568934 0.555483 0.535556 0.509801 0.478989 0.443984 0.405721 0.365176 0.323338 0.281183 0.239648 0.19961 0.161862 0.1271 0.0959036 0.0687314 0.0459091 0.0276294 0.0139517 0.00480581 
-0.00142601 0.0083228 0.0282657 0.0572148 0.0938137 0.136578 0.183936 0.234275 0.285982 0.337482 0.38728 0.433993 0.47638 0.51337 0.544079 0.567828 0.584146 0.59278 0.593684 0.587017 0.573127 0.552535 0.525911 0.494051 0.457853 0.418284 0.376356 0.333094 0.289509 0.246575 0.2052 0.166209 0.130323 0.0981444 0.0701498 0.0466786 0.0279316 0.0139715 0.00472699 
-0.00190997 0.00774096 0.0279288 0.0574207 0.0948137 0.138575 0.187086 0.238686 0.291713 0.344548 0.395652 0.443603 0.487125 0.525116 0.556666 0.581074 0.597858 0.606754 0.607715 0.600902 0.586673 0.565561 0.538254 0.505572 0.468434 0.427837 0.38482 0.340438 0.295731 0.2517 0.209281 0.169322 0.132567 0.0996372 0.0710228 0.0470747 0.0280009 0.013867 0.00460092 
-0.0023976 0.00707622 0.0273603 0.0571847 0.0951088 0.139563 0.18889 0.241393 0.295374 0.349179 0.401238 0.450098 0.494456 0.533186 0.56536 0.590262 0.607398 0.616496 0.617507 0.610597 0.596127 0.574641 0.546841 0.513561 0.47574 0.434395 0.390585 0.345388 0.299867 0.255044 0.211873 0.171224 0.133856 0.100404 0.0713704 0.0471152 0.0278518 0.0136487 0.00443333 
-0.00287791 0.00634849 0.0265873 0.0565392 0.0947357 0.13958 0.189388 0.242438 0.297008 0.35142 0.404081 0.453519 0.498414 0.537623 0.570204 0.595431 0.612802 0.622042 0.623099 0.616138 0.601526 0.579812 0.551706 0.518053 0.479805 0.437991 0.393685 0.34798 0.301952 0.256639 0.21301 0.171945 0.134217 0.10047 0.0712162 0.0468202 0.0275005 0.0133279 0.00423019 
-0.00334006 0.00557781 0.0256376 0.0555191 0.0937351 0.138672 0.188632 0.241877 0.296672 0.351329 0.404243 0.453931 0.499064 0.53849 0.571263 0.596648 0.614139 0.623458 0.624553 0.617588 0.602931 0.581132 0.552908 0.519106 0.480685 0.438679 0.394172 0.348261 0.302032 0.25653 0.212731 0.171524 0.133685 0.0998681 0.070587 0.046212 0.0269642 0.0129166 0.00399769 
-0.00377362 0.004784 0.0245396 0.0541606 0.0921507 0.13689 0.186677 0.239771 0.294436 0.348982 0.401803 0.451417 0.496492 0.535878 0.568626 0.594003 0.611499 0.620837 0.621962 0.615038 0.60043 0.57869 0.55053 0.5168 0.478456 0.436533 0.392113 0.346296 0.300167 0.254771 0.211088 0.170005 0.132302 0.0986318 0.0695122 0.0453144 0.0262613 0.0124271 0.00374211 
-0.00416868 0.00398639 0.0233219 0.0525011 0.0900289 0.13429 0.183589 0.236194 0.29038 0.344465 0.396855 0.446075 0.490804 0.529896 0.562409 0.587613 0.605001 0.614296 0.615443 0.608603 0.594137 0.572594 0.544679 0.511236 0.473214 0.431642 0.387594 0.342163 0.296428 0.251429 0.208138 0.16744 0.13011 0.0967997 0.0680237 0.044153 0.0254106 0.0118721 0.00346978 
-0.00451599 0.00320352 0.0220124 0.0505786 0.0874176 0.130929 0.179435 0.231225 0.284593 0.337879 0.389508 0.438025 0.482124 0.520676 0.552747 0.577617 0.594786 0.603978 0.605138 0.598423 0.58419 0.562977 0.535482 0.502535 0.465074 0.424113 0.380713 0.335952 0.290898 0.246576 0.203947 0.163886 0.12716 0.0944131 0.0661551 0.0427539 0.0244316 0.0112644 0.00318695 
-0.00480715 0.0024528 0.0206384 0.048431 0.0843662 0.126869 0.17429 0.22495 0.277174 0.329333 0.379884 0.427398 0.470595 0.508366 0.539795 0.564177 0.581018 0.590048 0.591211 0.584661 0.570747 0.549994 0.523087 0.490838 0.454168 0.414069 0.371583 0.327768 0.283669 0.240294 0.198587 0.159406 0.123504 0.0915156 0.0639415 0.0411445 0.0233439 0.0106164 0.00289972 
-0.00503475 0.00175029 0.0192259 0.0460956 0.0809244 0.122172 0.168231 0.217461 0.268229 0.31895 0.368118 0.414342 0.456374 0.493134 0.52373 0.547473 0.563882 0.572693 0.57385 0.567502 0.553988 0.533819 0.50766 0.476303 0.440643 0.401647 0.360331 0.317723 0.274844 0.232675 0.192136 0.154066 0.119199 0.0881529 0.0614191 0.039352 0.022167 0.00994063 0.00261395 
-0.00519246 0.00111036 0.0177992 0.0436083 0.0771418 0.116905 0.161338 0.208854 0.257872 0.306858 0.354354 0.399015 0.439633 0.475164 0.504744 0.527705 0.543583 0.552119 0.55326 0.547149 0.534112 0.514643 0.489385 0.459103 0.424662 0.386998 0.347092 0.30594 0.26453 0.223812 0.184677 0.147936 0.114301 0.0843718 0.0586245 0.0374039 0.0209201 0.0092489 0.00233518 
-0.00527523 0.000545479 0.0163807 0.0410037 0.073067 0.11113 0.153694 0.19923 0.246221 0.293193 0.338746 0.381588 0.420558 0.454654 0.483045 0.50509 0.520341 0.528551 0.529666 0.523824 0.511336 0.492676 0.468462 0.439426 0.4064 0.370281 0.332013 0.292552 0.252846 0.213809 0.176296 0.141089 0.108871 0.0802198 0.0555944 0.0353272 0.0196217 0.00855246 0.00206852 
-0.00527937 6.58911e-05 0.01499 0.0383139 0.0687471 0.104913 0.14538 0.188691 0.233399 0.278099 0.321457 0.362241 0.399345 0.431814 0.458855 0.479858 0.494394 0.502228 0.503308 0.497763 0.485891 0.468142 0.445103 0.417473 0.386044 0.35167 0.315251 0.277697 0.239913 0.20277 0.167084 0.133598 0.102968 0.0757443 0.0523647 0.0331478 0.0182892 0.00786171 0.00181858 
-0.00520271 -0.000320615 0.013644 0.0355683 0.064227 0.0983159 0.13648 0.177341 0.219532 0.261723 0.302655 0.341162 0.3762 0.406865 0.432409 0.452253 0.465993 0.473405 0.47444 0.469219 0.458023 0.441277 0.419535 0.393457 0.363791 0.331345 0.296967 0.26152 0.225858 0.190804 0.15713 0.125541 0.0966542 0.0709925 0.0489706 0.0308907 0.016939 0.00718601 0.00158932 
-0.00504472 -0.000608986 0.0123566 0.0327931 0.0595487 0.0913997 0.127075 0.165285 0.204747 0.244216 0.282512 0.318545 0.351336 0.380038 0.40395 0.42253 0.4354 0.442348 0.443329 0.438455 0.427989 0.412329 0.391993 0.367599 0.339846 0.309492 0.277331 0.24417 0.21081 0.178022 0.146529 0.116991 0.0899885 0.06601 0.0454455 0.0285789 0.0155858 0.00653345 0.00138402 
-0.00480667 -0.000797175 0.0111376 0.0300105 0.0547509 0.0842226 0.117247 0.152626 0.189172 0.22573 0.261206 0.294589 0.324972 0.351569 0.37373 0.390953 0.402886 0.409333 0.410251 0.405745 0.396057 0.381556 0.362722 0.340128 0.314421 0.286305 0.256515 0.225801 0.194902 0.164536 0.135373 0.108025 0.0830294 0.0608408 0.0418208 0.0262334 0.0142422 0.00591063 0.00120511 
-0.00449176 -0.000886445 0.00999291 0.0272387 0.0498681 0.0768392 0.107071 0.139466 0.172935 0.206419 0.238915 0.269497 0.297333 0.321702 0.342009 0.357793 0.368731 0.374644 0.375491 0.371369 0.3625 0.349221 0.331972 0.311279 0.287734 0.261982 0.234697 0.206566 0.178268 0.150459 0.123755 0.0987148 0.0758331 0.055526 0.038125 0.0238724 0.0129186 0.00532238 0.00105404 
-0.0041053 -0.000881696 0.00892399 0.0244907 0.0449301 0.0692999 0.0966224 0.125905 0.156162 0.186436 0.215819 0.243473 0.268645 0.290684 0.30905 0.323326 0.33322 0.338571 0.339341 0.335617 0.3276 0.315596 0.300002 0.281292 0.260006 0.236723 0.212055 0.186623 0.161041 0.135902 0.111764 0.0891318 0.068453 0.0501035 0.0343832 0.021511 0.0116226 0.00477148 0.000931161 
-0.00365498 -0.000791857 0.00792725 0.0217746 0.0399615 0.0616502 0.0859708 0.112039 0.138977 0.165933 0.192096 0.216721 0.239136 0.258762 0.275117 0.287831 0.296643 0.301408 0.302095 0.29878 0.291642 0.280953 0.267069 0.250411 0.231458 0.210729 0.188767 0.166126 0.143352 0.120974 0.0994875 0.0793432 0.0609382 0.0446072 0.0306164 0.0191601 0.0103585 0.00425825 0.000835495 
-0.00315115 -0.000630374 0.0069936 0.0190923 0.0349812 0.0539305 0.075181 0.0979603 0.121501 0.145058 0.167923 0.189444 0.209034 0.226185 0.240478 0.251588 0.259288 0.263452 0.26405 0.261151 0.254912 0.24557 0.233436 0.218878 0.202316 0.184202 0.165012 0.14523 0.125332 0.105782 0.0870102 0.0694121 0.0533334 0.0390657 0.0268407 0.0168264 0.0091265 0.00378003 0.00076448 
-0.00260731 -0.000415839 0.00610788 0.0164397 0.0300019 0.0461751 0.0643126 0.0837556 0.103849 0.123956 0.143473 0.161842 0.178562 0.193201 0.205399 0.214879 0.221448 0.224998 0.225505 0.223027 0.217699 0.209723 0.199363 0.186937 0.172801 0.157343 0.140966 0.124086 0.107108 0.0904269 0.0744114 0.0593969 0.0456779 0.0335023 0.023066 0.0145107 0.0079221 0.00333058 0.000713589 
-0.0020408 -0.000172842 0.00524811 0.0138054 0.0250296 0.0384121 0.0534193 0.0695065 0.0861318 0.102768 0.118916 0.134112 0.147944 0.160052 0.170141 0.17798 0.18341 0.186342 0.186756 0.184701 0.180288 0.173685 0.165112 0.15483 0.143136 0.130348 0.116803 0.102842 0.0888022 0.0750084 0.0617653 0.0493498 0.0380045 0.027933 0.0192957 0.0122071 0.0067347 0.002899 0.000675745 
-0.00147394 6.68481e-05 0.0043848 0.0111712 0.0200636 0.030663 0.0425482 0.0552885 0.0684543 0.0816281 0.094414 0.106446 0.117396 0.12698 0.134964 0.141165 0.145459 0.147774 0.148095 0.146462 0.142963 0.13773 0.130939 0.122797 0.113537 0.103414 0.092693 0.0816438 0.0705334 0.0596187 0.0491404 0.0393168 0.030339 0.0223667 0.015525 0.00990176 0.00554611 0.00246824 0.000640334 
-0.000936121 0.000262651 0.00348006 0.00851094 0.0150958 0.0229424 0.0317402 0.0411703 0.0509148 0.0606644 0.0701259 0.0790283 0.0871287 0.0942171 0.10012 0.104703 0.107874 0.10958 0.109812 0.108597 0.106002 0.102126 0.0970974 0.0910707 0.0842191 0.0767302 0.0688005 0.0606295 0.0524145 0.0443452 0.036599 0.029337 0.0226995 0.0168036 0.0117399 0.00757079 0.00432825 0.00201262 0.000591393 
-0.000467392 0.000362976 0.00248686 0.00579091 0.0101113 0.0152585 0.0210292 0.0272141 0.0336047 0.0399978 0.0462011 0.0520367 0.0573453 0.0619894 0.0658552 0.0688551 0.0709283 0.0720411 0.0721869 0.071385 0.0696788 0.0671336 0.0638343 0.0598817 0.0553898 0.0504816 0.0452858 0.0399331 0.0345527 0.0292687 0.0241969 0.0194423 0.0150964 0.0112349 0.00791608 0.00517865 0.00304006 0.00149359 0.000503858 
-0.000125516 0.000302532 0.00134868 0.00296987 0.00508865 0.00761266 0.0104422 0.0134748 0.0166077 0.0197414 0.0227815 0.0256406 0.0282407 0.0305145 0.0324062 0.0338731 0.0348855 0.035427 0.0354948 0.0350983 0.0342591 0.0330093 0.0313907 0.0294529 0.0272516 0.0248473 0.022303 0.0196827 0.0170495 0.0144641 0.011983 0.00965738 0.00753171 0.00564266 0.00401813 0.00267617 0.00162349 0.000852603 0.000334788 
