0 0 0 0 0 0 0 0 0 0 0 0 0 0 0 0 0 0 0 0 0 
0 0.00466669 0.0178358 0.038089 0.0632399 0.0905701 0.117123 0.140022 0.156785 0.165588 0.165466 0.156415 0.139392 0.116213 0.0893514 0.0616733 0.0361246 0.0154112 0.00170521 -0.00359143 0 
0 0.00922134 0.0352152 0.0751833 0.124812 0.178739 0.23113 0.276312 0.309386 0.326755 0.326514 0.308657 0.275072 0.229339 0.17634 0.121729 0.0713169 0.0304427 0.00339143 -0.00707101 0 
0 0.0135553 0.0516951 0.110317 0.183096 0.262172 0.338992 0.40524 0.453734 0.479202 0.478851 0.452671 0.403431 0.336378 0.25867 0.178595 0.104671 0.044726 0.00504068 -0.0103297 0 
0 0.0175668 0.0668582 0.142578 0.236564 0.338668 0.437853 0.523385 0.585993 0.618874 0.618424 0.584629 0.521062 0.434499 0.334175 0.230788 0.135334 0.0579144 0.00663687 -0.0132642 0 
0 0.0211637 0.0803255 0.171139 0.283823 0.406221 0.525108 0.627624 0.702663 0.742073 0.741538 0.701041 0.624863 0.52112 0.40088 0.276958 0.162528 0.069693 0.00816666 -0.0157791 0 
0 0.0242669 0.091767 0.195274 0.323657 0.463074 0.598476 0.715224 0.800679 0.845561 0.844958 0.79885 0.712112 0.593983 0.457057 0.315923 0.185575 0.0797881 0.00962008 -0.01779 0 
0 0.0268121 0.100911 0.214388 0.355057 0.507775 0.656068 0.783921 0.877499 0.926651 0.925998 0.875522 0.780557 0.651212 0.501273 0.346703 0.203913 0.0879748 0.0109909 -0.0192255 0 
0 0.0287524 0.107554 0.228025 0.377257 0.539211 0.696441 0.831981 0.931181 0.983287 0.982606 0.929116 0.82847 0.691375 0.532433 0.368552 0.217114 0.094083 0.0122768 -0.020029 0 
0 0.0300594 0.111563 0.235887 0.38975 0.556649 0.718636 0.858255 0.960433 1.01411 1.01342 0.958344 0.854705 0.713518 0.549808 0.380973 0.224895 0.0980019 0.0134783 -0.0201614 0 
0 0.0307237 0.112883 0.237841 0.392305 0.559752 0.722213 0.862213 0.96466 1.01848 1.0178 0.962609 0.85873 0.717199 0.553059 0.383733 0.227126 0.0996806 0.0145976 -0.0196023 0 
0 0.0307544 0.111533 0.233923 0.384975 0.548592 0.707266 0.843968 0.943989 0.996533 0.995887 0.942034 0.840653 0.702503 0.54225 0.376874 0.223826 0.0991272 0.0156354 -0.0183529 0 
0 0.0301768 0.107607 0.224331 0.368094 0.523653 0.674425 0.804276 0.89927 0.949175 0.948577 0.897462 0.801218 0.670042 0.517839 0.360702 0.215164 0.0964018 0.016586 -0.0164388 0 
0 0.0290284 0.101261 0.209417 0.342263 0.485814 0.624844 0.744532 0.832072 0.878062 0.877526 0.830455 0.741802 0.620949 0.480676 0.335777 0.201443 0.0916058 0.0174279 -0.0139144 0 
0 0.0273506 0.0927039 0.189666 0.308329 0.436327 0.560176 0.666739 0.744657 0.785592 0.785128 0.743261 0.66439 0.556845 0.43197 0.302891 0.183075 0.0848611 0.0181096 -0.0108709 0 
0 0.0251742 0.0821632 0.16566 0.267346 0.376779 0.482537 0.573474 0.639945 0.674862 0.674477 0.638787 0.571538 0.479813 0.37326 0.26303 0.160553 0.0762795 0.0185243 -0.00745004 0 
0 0.0224929 0.069847 0.138032 0.220526 0.309043 0.394459 0.467847 0.521467 0.549631 0.549327 0.520556 0.466332 0.39235 0.306363 0.217324 0.134392 0.0659123 0.0184682 -0.00386884 0 
0 0.0192123 0.0558655 0.107379 0.169165 0.235214 0.298837 0.353449 0.393331 0.414274 0.414051 0.392662 0.352344 0.297319 0.233327 0.16699 0.105066 0.0536743 0.0175668 -0.000469021 0 
0 0.0150428 0.0400985 0.0741535 0.114549 0.157542 0.198871 0.23431 0.260177 0.273756 0.27361 0.259741 0.233595 0.1979 0.156363 0.113253 0.072909 0.0392264 0.0151455 0.00218032 0 
0 0.00925067 0.0219599 0.0384904 0.0578483 0.0783538 0.0980251 0.114876 0.127168 0.133617 0.133545 0.126953 0.114526 0.0975552 0.0777947 0.0572602 0.0379935 0.0218046 0.00999871 0.00304476 0 
0 0 0 0 0 0 0 0 0 0 0 0 0 0 0 0 0 0 0 0 0 