0.000207592 0.0004826 0.000804018 0.0011454 0.00147678 0.00176705 0.0019865 0.00210936 0.00211585 0.00199379 0.00173928 0.00135661 0.000857236 0.000258012 0.000421216 0.00116037 0.00194198 0.00275389 0.00359143 
0.000424784 0.000982199 0.00163045 0.002317 0.00298239 0.00356491 0.00400567 0.00425358 0.00426948 0.00402925 0.00352522 0.00276598 0.00177432 0.000583738 0.000766312 0.0022359 0.00379027 0.00540512 0.00707101 
0.000661271 0.00151605 0.00250217 0.00354171 0.00454662 0.0054256 0.00609158 0.00646903 0.00650016 0.00614942 0.00540562 0.00428164 0.0028114 0.00104468 0.000959915 0.00314305 0.005453 0.00785339 0.0103297 
0.000926945 0.00210193 0.003443 0.00484789 0.00620125 0.0073836 0.00828112 0.00879513 0.00885023 0.00840014 0.00743055 0.00595866 0.00402928 0.00170796 0.00092814 0.00380087 0.00684192 0.010003 0.0132642 
0.00123197 0.00275833 0.00447813 0.00626604 0.00798101 0.00947715 0.0106156 0.011276 0.0113667 0.0108316 0.00965367 0.00785459 0.0054898 0.00264016 0.000599299 0.00413222 0.00787422 0.0117651 0.0157791 
0.00158687 0.00350472 0.00563458 0.00782954 0.00992466 0.0117496 0.0131422 0.0139624 0.0141033 0.0135001 0.0121337 0.0100304 0.00725636 0.00390721 9.54079e-05 0.00406508 0.00847418 0.0130599 0.01779 
0.0020025 0.00436161 0.00694147 0.00957524 0.012076 0.0142508 0.0159162 0.0169135 0.0171224 0.0164699 0.014936 0.0125519 0.00939452 0.00557439 0.00122118 0.00353379 0.00857499 0.0138186 0.0192255 
0.00249001 0.00535053 0.00843023 0.0115441 0.0144849 0.0170389 0.0190024 0.0201997 0.0204976 0.0198162 0.018135 0.0154911 0.0119728 0.00770626 0.00283883 0.00248051 0.00812058 0.0139856 0.020029 
0.00306058 0.00649373 0.0101344 0.0137813 0.0172083 0.0201817 0.0224783 0.0239054 0.0243173 0.0236278 0.0218166 0.0189281 0.0150636 0.0103666 0.00500378 0.000856915 0.00706775 0.0135206 0.0201614 
0.00372489 0.0078133 0.0120891 0.0163363 0.020311 0.023759 0.0264366 0.0281329 0.0286888 0.0280115 0.0260821 0.0229541 0.0187448 0.0136184 0.00776463 0.0013734 0.00538901 0.0124013 0.0196023 
0.00449198 0.00932942 0.0143289 0.0192619 0.0238661 0.0278644 0.0309891 0.0330074 0.0337437 0.0330978 0.0310527 0.0276742 0.0231007 0.0175233 0.011161 0.00423147 0.00307647 0.010627 0.0183529 
0.00536721 0.011057 0.0168848 0.0226117 0.0279546 0.0326077 0.0362716 0.0386837 0.0396464 0.0390486 0.0368765 0.0332129 0.0282248 0.0221408 0.0152199 0.00771757 0.000147934 0.00822356 0.0164388 
0.00634837 0.0129992 0.0197773 0.0264356 0.0326644 0.0381178 0.0424502 0.0453558 0.0466045 0.0460687 0.0437385 0.0397202 0.0342224 0.0275267 0.0199502 0.0118026 0.00334352 0.00525208 0.0139144 
0.00741878 0.0151367 0.0230053 0.0307714 0.038087 0.0445453 0.0497305 0.0532705 0.0548851 0.0544217 0.0518738 0.047382 0.0412143 0.0337307 0.0253342 0.0164148 0.00729396 0.00182222 0.0108709 
0.0085343 0.0174069 0.0265253 0.03563 0.0443119 0.0520673 0.0583702 0.0627462 0.0648381 0.0644532 0.0615889 0.0564339 0.0493434 0.0407928 0.0313134 0.0214178 0.0115232 0.00188441 0.00745004 
0.00959885 0.019668 0.0302172 0.0409718 0.0514174 0.0608925 0.068698 0.0742021 0.0769293 0.0766252 0.0732906 0.0671827 0.0587833 0.0487378 0.0377692 0.0265778 0.0157333 0.00557408 0.00386884 
0.0104158 0.0216325 0.0338261 0.0466696 0.0594578 0.0712716 0.0811424 0.088199 0.0917892 0.0915653 0.08753 0.080038 0.0697537 0.0575701 0.0444948 0.0315136 0.0194413 0.0087702 0.000469021 
0.0105837 0.0227453 0.0368685 0.0524547 0.0684484 0.0835149 0.0962747 0.105502 0.110284 0.110138 0.105065 0.0955594 0.0825446 0.06727 0.0511582 0.035624 0.0218732 0.0106864 0.00218032 
0.00925067 0.0219599 0.0384904 0.0578483 0.0783538 0.0980251 0.114876 0.127168 0.133617 0.133545 0.126953 0.114526 0.0975552 0.0777947 0.0572602 0.0379935 0.0218046 0.00999871 0.00304476 
