0.00367911 0.0153651 0.0330484 0.0541644 0.0759646 0.0958474 0.111632 0.121755 0.12539 0.12246 0.113585 0.0999489 0.0831191 0.0648442 0.0468475 0.0306431 0.01739 0.00779729 0.00208524 
0.00672088 0.0290774 0.0631055 0.103818 0.14589 0.184286 0.214784 0.234362 0.241411 0.23578 0.218661 0.19234 0.159848 0.124565 0.0898296 0.0585749 0.0330509 0.0146395 0.00377976 
0.00894592 0.0406653 0.0893374 0.147731 0.208156 0.26335 0.307227 0.335424 0.345613 0.337568 0.312997 0.275185 0.228493 0.177795 0.127905 0.0830597 0.0465134 0.020273 0.00498859 
0.0103126 0.049886 0.111193 0.184987 0.261472 0.331409 0.387057 0.422863 0.435856 0.425733 0.394653 0.346775 0.287638 0.223435 0.160288 0.103595 0.0575067 0.0245924 0.00569727 
0.0108642 0.0566604 0.128356 0.214964 0.304888 0.387208 0.452773 0.495015 0.510411 0.498586 0.462069 0.405759 0.336186 0.260665 0.18643 0.11987 0.065904 0.0275871 0.00593689 
0.0107011 0.0610361 0.14071 0.237313 0.337799 0.429895 0.503322 0.550692 0.568034 0.554907 0.514128 0.451181 0.373387 0.288953 0.206011 0.131743 0.0716948 0.0293155 0.00576847 
0.00996207 0.0631603 0.148314 0.251947 0.359942 0.459036 0.53812 0.589208 0.607994 0.593978 0.550181 0.482506 0.398845 0.308058 0.218928 0.139229 0.0749671 0.0298893 0.00527369 
0.00880993 0.063258 0.151383 0.25902 0.371384 0.474603 0.557059 0.610392 0.630086 0.615597 0.570059 0.499622 0.412521 0.318014 0.225288 0.142481 0.0758919 0.0294613 0.00454774 
0.00741846 0.0616103 0.150257 0.258901 0.3725 0.476961 0.560485 0.614575 0.634626 0.620068 0.574059 0.502825 0.414715 0.319123 0.225384 0.141773 0.074708 0.0282131 0.00369277 
0.00596002 0.0585335 0.14538 0.252144 0.363939 0.466837 0.549178 0.602559 0.622419 0.608173 0.562923 0.492801 0.406043 0.311925 0.219676 0.137483 0.0717049 0.0263436 0.00281147 
0.00459361 0.0543569 0.137267 0.239455 0.34659 0.445278 0.524303 0.575583 0.59472 0.581136 0.537797 0.470582 0.387401 0.29717 0.208762 0.130063 0.0672044 0.0240556 0.00200056 
0.00345319 0.0494015 0.126472 0.221654 0.321538 0.413602 0.487364 0.535263 0.553182 0.540569 0.500183 0.437507 0.359929 0.275776 0.193347 0.120021 0.0615408 0.021543 0.00134409 
0.00263624 0.0439575 0.113564 0.199635 0.290013 0.373347 0.44014 0.483534 0.499794 0.488412 0.451881 0.395166 0.324956 0.248797 0.17421 0.107886 0.0550396 0.0189762 0.00090658 
0.00219232 0.0382627 0.0990861 0.174324 0.253342 0.326214 0.384628 0.422584 0.436813 0.426868 0.394932 0.345345 0.283957 0.217371 0.152163 0.0941845 0.047995 0.0164871 0.000725497 
0.00211086 0.0324809 0.0835322 0.146639 0.212903 0.274003 0.322973 0.354782 0.366693 0.358337 0.331547 0.289967 0.238501 0.182683 0.128019 0.0794042 0.0406456 0.014152 0.000802435 
0.00230668 0.0266798 0.0673155 0.117457 0.170071 0.218561 0.257403 0.28261 0.292017 0.285343 0.264051 0.231039 0.1902 0.14592 0.102554 0.0639663 0.033147 0.0119702 0.00109128 
0.00260029 0.0208081 0.050743 0.0875742 0.126177 0.161723 0.190165 0.20859 0.215421 0.210467 0.194814 0.170595 0.140665 0.108232 0.0764735 0.0481921 0.0255405 0.00983545 0.00147942 
0.00268639 0.0146726 0.0339952 0.0576822 0.08247 0.105263 0.123469 0.135225 0.139534 0.13629 0.126203 0.11065 0.0914672 0.0707041 0.0503826 0.0322738 0.0177171 0.00749334 0.00175245 
0.00207807 0.00791509 0.0171135 0.0283475 0.0400812 0.0508486 0.059424 0.0649336 0.0669157 0.0653312 0.0605272 0.0531628 0.0441082 0.0343288 0.0247699 0.0162507 0.00937759 0.00447468 0.00151622 
