0.000334935 0.00168536 0.00397885 0.007114 0.0109673 0.0153991 0.0202586 0.0253893 0.0306336 0.0358369 0.0408524 0.0455439 0.0497896 0.0534843 0.0565416 0.0588953 0.0605002 0.0613325 0.0613891 0.060687 0.0592621 0.0571669 0.0544686 0.0512469 0.0475909 0.0435965 0.0393636 0.0349931 0.0305844 0.0262326 0.0220262 0.0180454 0.0143596 0.0110266 0.00809143 0.0055855 0.00352637 0.00191778 0.000749928 
0.000625899 0.00326468 0.00776848 0.0139351 0.0215201 0.0302472 0.039819 0.0499269 0.0602597 0.0705129 0.0803968 0.0896431 0.0980113 0.105294 0.111321 0.115962 0.119127 0.12077 0.120883 0.119502 0.116695 0.112568 0.107251 0.100903 0.0936987 0.0858273 0.0774857 0.0688732 0.0601855 0.0516104 0.0433225 0.0354797 0.0282193 0.0216555 0.0158772 0.0109466 0.00689872 0.00374148 0.00145641 
0.000852822 0.00469725 0.0113075 0.0203809 0.0315542 0.0444183 0.0585333 0.0734426 0.0886868 0.103816 0.118402 0.132049 0.144402 0.155153 0.164052 0.170906 0.175582 0.178011 0.178183 0.176149 0.172011 0.165922 0.158079 0.148712 0.138081 0.126466 0.114157 0.101448 0.0886284 0.075976 0.0637489 0.0521805 0.0414738 0.0317979 0.0232845 0.016026 0.0100749 0.00544367 0.00210624 
0.0010044 0.00595688 0.0145524 0.0263889 0.0409868 0.0578079 0.0762743 0.0957869 0.115743 0.135553 0.154655 0.172529 0.188711 0.202798 0.214459 0.223443 0.229576 0.232765 0.232998 0.230341 0.224928 0.216959 0.206691 0.194427 0.180507 0.165297 0.149179 0.132537 0.115752 0.0991873 0.0831819 0.068042 0.0540346 0.0413817 0.0302566 0.0207814 0.0130255 0.00700649 0.00269148 
0.00107504 0.00702765 0.0174734 0.0319124 0.049752 0.0703293 0.0929337 0.116829 0.141275 0.165547 0.188958 0.210868 0.230706 0.247979 0.262283 0.273304 0.280832 0.284752 0.285049 0.281802 0.275177 0.265417 0.252839 0.237813 0.220757 0.202119 0.182367 0.161976 0.14141 0.121116 0.101512 0.082973 0.0658273 0.0503482 0.0367492 0.0251809 0.0157297 0.00841823 0.00320742 
0.00106322 0.00790127 0.0200511 0.0369175 0.0577989 0.0819123 0.10842 0.136455 0.165147 0.193644 0.221134 0.246867 0.270173 0.290469 0.30728 0.320238 0.329093 0.333712 0.334075 0.330275 0.322505 0.311054 0.29629 0.278651 0.258626 0.236743 0.213553 0.189612 0.165469 0.14165 0.118644 0.096895 0.0767895 0.0586497 0.0427275 0.029201 0.0181731 0.0096715 0.00365147 
0.000970465 0.00857536 0.0222747 0.0413814 0.065089 0.0925006 0.122658 0.154571 0.187243 0.219703 0.251025 0.280352 0.306917 0.330058 0.34923 0.364013 0.374122 0.379404 0.379835 0.37552 0.366681 0.353644 0.336831 0.316739 0.293928 0.269 0.242583 0.215312 0.187814 0.160688 0.134495 0.109741 0.0868695 0.0662477 0.0481646 0.0328247 0.0203462 0.0107622 0.00402269 
0.000800627 0.00905231 0.0241405 0.04529 0.0715952 0.102051 0.135587 0.171094 0.207463 0.243606 0.278492 0.311164 0.340767 0.366559 0.387933 0.404422 0.415704 0.421609 0.42211 0.417322 0.407492 0.392984 0.374268 0.351898 0.326498 0.298739 0.269322 0.238956 0.208339 0.178144 0.148994 0.121457 0.0960253 0.0731123 0.0530409 0.0360403 0.0222436 0.0116888 0.00432143 
0.000559443 0.00933836 0.0256506 0.0486376 0.0773004 0.110533 0.147159 0.185962 0.225724 0.265254 0.303419 0.339171 0.371572 0.39981 0.423217 0.441282 0.453651 0.460135 0.460706 0.455489 0.444753 0.428896 0.408432 0.383968 0.356187 0.325825 0.293651 0.26044 0.22696 0.193946 0.162084 0.131996 0.104224 0.0792215 0.0573429 0.0388412 0.0238633 0.0124522 0.00454908 
0.000254144 0.00944298 0.0268124 0.0514255 0.0821965 0.117927 0.157342 0.199126 0.241963 0.284565 0.325708 0.36426 0.399207 0.429671 0.454932 0.474435 0.487798 0.494817 0.495458 0.489857 0.478302 0.461223 0.439175 0.412812 0.382871 0.350148 0.315471 0.27968 0.243604 0.208036 0.173719 0.141326 0.111443 0.0845601 0.0610629 0.041225 0.0252066 0.013055 0.00470795 
-0.000106848 0.00937831 0.0276375 0.0536612 0.0862841 0.124223 0.166113 0.210552 0.256131 0.301476 0.345282 0.386341 0.423569 0.456031 0.482957 0.503753 0.518013 0.525516 0.526227 0.520287 0.508005 0.489839 0.466377 0.438318 0.406449 0.371615 0.334703 0.296608 0.258213 0.220368 0.183865 0.149422 0.117665 0.0891203 0.0641986 0.0431936 0.0262775 0.0135018 0.00480114 
-0.000514165 0.00915873 0.0281413 0.0553578 0.0895711 0.129421 0.173465 0.220219 0.268196 0.315945 0.362088 0.405348 0.444582 0.478803 0.507196 0.529135 0.544188 0.552124 0.552902 0.546672 0.533758 0.514641 0.489942 0.460399 0.426839 0.390157 0.351286 0.311172 0.270749 0.230913 0.1925 0.156269 0.122885 0.0929006 0.0667529 0.0447525 0.0270825 0.0137985 0.00483244 
-0.000957725 0.0088004 0.0283426 0.0565337 0.0920724 0.133532 0.1794 0.228123 0.278144 0.327948 0.37609 0.421237 0.462193 0.497925 0.527582 0.550506 0.566248 0.574561 0.575404 0.568932 0.555481 0.535555 0.509801 0.478989 0.443985 0.405723 0.365178 0.32334 0.281185 0.239651 0.199612 0.161865 0.127102 0.0959058 0.0687333 0.0459107 0.0276307 0.0139525 0.00480624 
-0.00142693 0.00832098 0.028263 0.0572114 0.0938095 0.136573 0.183931 0.23427 0.285976 0.337476 0.387274 0.433987 0.476374 0.513364 0.544074 0.567823 0.584143 0.592777 0.593681 0.587015 0.573126 0.552535 0.525911 0.494052 0.457854 0.418286 0.376358 0.333096 0.289512 0.246578 0.205203 0.166212 0.130325 0.0981468 0.0701519 0.0466803 0.0279329 0.0139724 0.00472744 
-0.00191087 0.00773917 0.0279262 0.0574173 0.0948096 0.13857 0.187081 0.238681 0.291707 0.344542 0.395646 0.443597 0.48712 0.525111 0.556661 0.58107 0.597855 0.606751 0.607713 0.600901 0.586672 0.565561 0.538255 0.505573 0.468436 0.42784 0.384823 0.340441 0.295734 0.251703 0.209284 0.169325 0.13257 0.0996397 0.0710251 0.0470766 0.0280023 0.013868 0.00460141 
-0.00239849 0.00707447 0.0273578 0.0571814 0.0951047 0.139558 0.188885 0.241387 0.295368 0.349173 0.401232 0.450092 0.494451 0.533181 0.565356 0.590259 0.607394 0.616493 0.617506 0.610596 0.596127 0.574642 0.546842 0.513562 0.475742 0.434397 0.390588 0.345392 0.299871 0.255047 0.211877 0.171228 0.133859 0.100406 0.0713728 0.0471172 0.0278533 0.0136497 0.00443384 
-0.00287877 0.0063468 0.0265848 0.056536 0.0947318 0.139575 0.189384 0.242433 0.297002 0.351414 0.404076 0.453514 0.498409 0.537618 0.5702 0.595428 0.6128 0.62204 0.623098 0.616138 0.601526 0.579813 0.551707 0.518055 0.479808 0.437994 0.393688 0.347983 0.301956 0.256642 0.213013 0.171949 0.13422 0.100473 0.0712187 0.0468223 0.0275021 0.0133289 0.00423072 
-0.00334089 0.00557618 0.0256352 0.055516 0.0937314 0.138668 0.188627 0.241872 0.296667 0.351324 0.404238 0.453927 0.499059 0.538486 0.571259 0.596645 0.614137 0.623457 0.624552 0.617588 0.602931 0.581134 0.55291 0.519109 0.480688 0.438683 0.394175 0.348264 0.302036 0.256534 0.212735 0.171528 0.133689 0.0998711 0.0705896 0.0462141 0.0269659 0.0129177 0.00399823 
-0.00377441 0.00478244 0.0245373 0.0541576 0.0921472 0.136886 0.186673 0.239767 0.294432 0.348977 0.401799 0.451412 0.496488 0.535875 0.568623 0.594 0.611498 0.620836 0.621962 0.615038 0.600431 0.578692 0.550533 0.516803 0.478459 0.436536 0.392117 0.3463 0.300171 0.254775 0.211092 0.170009 0.132305 0.0986349 0.0695149 0.0453166 0.026263 0.0124282 0.00374268 
-0.00416942 0.00398492 0.0233197 0.0524983 0.0900255 0.134286 0.183585 0.23619 0.290376 0.344461 0.396851 0.446071 0.4908 0.529893 0.562407 0.587611 0.605 0.614296 0.615443 0.608603 0.594139 0.572596 0.544682 0.511239 0.473218 0.431645 0.387598 0.342167 0.296432 0.251433 0.208142 0.167444 0.130114 0.0968029 0.0680264 0.0441552 0.0254123 0.0118733 0.00347036 
-0.00451669 0.00320213 0.0220103 0.050576 0.0874145 0.130925 0.179431 0.231221 0.284589 0.337875 0.389504 0.438022 0.482121 0.520673 0.552745 0.577616 0.594785 0.603978 0.605138 0.598424 0.584192 0.56298 0.535485 0.502539 0.465078 0.424117 0.380717 0.335957 0.290902 0.24658 0.203951 0.16389 0.127164 0.0944163 0.0661579 0.0427562 0.0244333 0.0112655 0.00318753 
-0.00480781 0.00245151 0.0206365 0.0484286 0.0843633 0.126865 0.174287 0.224946 0.27717 0.32933 0.379881 0.427395 0.470592 0.508363 0.539794 0.564176 0.581018 0.590048 0.591212 0.584663 0.570749 0.549997 0.52309 0.490842 0.454172 0.414074 0.371588 0.327773 0.283674 0.240299 0.198592 0.15941 0.123508 0.0915189 0.0639443 0.0411468 0.0233457 0.0106176 0.0029003 
-0.00503535 0.00174909 0.0192242 0.0460933 0.0809218 0.12217 0.168228 0.217457 0.268226 0.318947 0.368115 0.414339 0.456372 0.493132 0.523729 0.547472 0.563883 0.572694 0.573852 0.567504 0.55399 0.533822 0.507663 0.476307 0.440647 0.401652 0.360335 0.317728 0.274848 0.232679 0.192141 0.15407 0.119202 0.0881563 0.061422 0.0393543 0.0221688 0.0099418 0.00261453 
-0.00519302 0.00110927 0.0177976 0.0436063 0.0771394 0.116902 0.161335 0.208851 0.257869 0.306855 0.354351 0.399013 0.439631 0.475163 0.504743 0.527705 0.543583 0.55212 0.553262 0.547151 0.534115 0.514647 0.489389 0.459107 0.424666 0.387002 0.347097 0.305945 0.264535 0.223817 0.184682 0.14794 0.114305 0.0843751 0.0586274 0.0374062 0.0209219 0.00925006 0.00233576 
-0.00527574 0.000544482 0.0163792 0.0410019 0.0730648 0.111128 0.153691 0.199227 0.246219 0.293191 0.338744 0.381586 0.420557 0.454653 0.483045 0.50509 0.520342 0.528552 0.529668 0.523826 0.511339 0.49268 0.468466 0.43943 0.406404 0.370286 0.332018 0.292557 0.252851 0.213814 0.176301 0.141093 0.108874 0.080223 0.0555972 0.0353294 0.0196234 0.0085536 0.00206909 
-0.00527983 6.49914e-05 0.0149886 0.0383122 0.0687451 0.104911 0.145378 0.188689 0.233397 0.278097 0.321455 0.36224 0.399345 0.431814 0.458856 0.479858 0.494396 0.50223 0.50331 0.497766 0.485894 0.468146 0.445107 0.417478 0.386048 0.351675 0.315256 0.277702 0.239918 0.202774 0.167088 0.133602 0.102972 0.0757475 0.0523674 0.03315 0.0182909 0.00786282 0.00181913 
-0.00520312 -0.000321419 0.0136429 0.0355669 0.0642253 0.0983141 0.136478 0.177339 0.21953 0.261722 0.302653 0.341161 0.3762 0.406865 0.43241 0.452254 0.465995 0.473407 0.474443 0.469222 0.458027 0.441281 0.419539 0.393462 0.363796 0.33135 0.296972 0.261525 0.225862 0.190808 0.157134 0.125545 0.0966578 0.0709956 0.0489732 0.0308928 0.0169407 0.00718709 0.00158986 
-0.00504509 -0.000609697 0.0123556 0.0327918 0.0595472 0.0913981 0.127074 0.165283 0.204745 0.244215 0.282511 0.318544 0.351336 0.380038 0.403951 0.422531 0.435401 0.44235 0.443332 0.438458 0.427993 0.412333 0.391997 0.367603 0.339851 0.309497 0.277336 0.244175 0.210815 0.178026 0.146533 0.116995 0.0899919 0.066013 0.0454481 0.028581 0.0155873 0.00653448 0.00138453 
-0.00480699 -0.000797797 0.0111367 0.0300094 0.0547497 0.0842213 0.117245 0.152625 0.18917 0.225729 0.261206 0.294589 0.324972 0.35157 0.373732 0.390955 0.402888 0.409335 0.410254 0.405748 0.39606 0.38156 0.362726 0.340132 0.314426 0.28631 0.25652 0.225805 0.194907 0.164541 0.135377 0.108029 0.0830327 0.0608437 0.0418232 0.0262353 0.0142436 0.00591161 0.00120559 
-0.00449203 -0.000886983 0.00999214 0.0272377 0.049867 0.0768381 0.10707 0.139465 0.172934 0.206418 0.238915 0.269497 0.297334 0.321703 0.342011 0.357795 0.368733 0.374646 0.375494 0.371373 0.362504 0.349225 0.331977 0.311283 0.287739 0.261987 0.234702 0.206571 0.178273 0.150463 0.123759 0.0987183 0.0758363 0.0555287 0.0381273 0.0238742 0.01292 0.00532331 0.00105449 
-0.00410553 -0.000882155 0.00892334 0.0244899 0.0449292 0.069299 0.0966216 0.125904 0.156161 0.186436 0.215819 0.243473 0.268646 0.290685 0.309051 0.323328 0.333223 0.338573 0.339344 0.33562 0.327604 0.3156 0.300006 0.281297 0.26001 0.236727 0.21206 0.186627 0.161045 0.135906 0.111767 0.089135 0.0684559 0.0501061 0.0343854 0.0215127 0.0116239 0.00477234 0.000931583 
-0.00365518 -0.000792242 0.00792671 0.0217739 0.0399608 0.0616495 0.0859701 0.112039 0.138977 0.165932 0.192096 0.216721 0.239137 0.258763 0.275119 0.287833 0.296645 0.301411 0.302098 0.298783 0.291645 0.280957 0.267073 0.250415 0.231462 0.210733 0.188771 0.16613 0.143356 0.120978 0.0994908 0.0793462 0.0609409 0.0446095 0.0306184 0.0191617 0.0103596 0.00425902 0.000835881 
-0.00315132 -0.000630692 0.00699316 0.0190918 0.0349806 0.05393 0.0751805 0.09796 0.121501 0.145058 0.167923 0.189444 0.209035 0.226186 0.24048 0.25159 0.259291 0.263454 0.264053 0.261155 0.254916 0.245574 0.233439 0.218882 0.202319 0.184206 0.165016 0.145233 0.125336 0.105785 0.0870132 0.0694149 0.0533359 0.0390678 0.0268424 0.0168278 0.00912755 0.00378073 0.000764825 
-0.00260745 -0.000416095 0.00610752 0.0164392 0.0300015 0.0461747 0.0643123 0.0837554 0.103849 0.123956 0.143474 0.161843 0.178563 0.193202 0.2054 0.214881 0.22145 0.225001 0.225508 0.22303 0.217702 0.209726 0.199367 0.186941 0.172805 0.157346 0.14097 0.124089 0.107111 0.0904298 0.0744141 0.0593993 0.0456801 0.0335041 0.0230675 0.0145119 0.00792302 0.00333119 0.000713891 
-0.0020409 -0.000173043 0.00524784 0.0138051 0.0250293 0.0384118 0.0534191 0.0695065 0.0861319 0.102768 0.118916 0.134113 0.147945 0.160054 0.170142 0.177982 0.183412 0.186344 0.186758 0.184704 0.180291 0.173688 0.165115 0.154834 0.143139 0.130351 0.116806 0.102845 0.0888049 0.0750108 0.0617676 0.0493518 0.0380063 0.0279346 0.019297 0.0122082 0.00673548 0.00289952 0.000676 
-0.00147402 6.66966e-05 0.0043846 0.011171 0.0200634 0.0306628 0.0425481 0.0552885 0.0684544 0.0816285 0.0944145 0.106447 0.117397 0.126981 0.134965 0.141167 0.145461 0.147776 0.148098 0.146464 0.142965 0.137733 0.130942 0.122799 0.11354 0.103417 0.0926954 0.0816461 0.0705356 0.0596208 0.0491423 0.0393185 0.0303405 0.022368 0.0155261 0.00990261 0.00554674 0.00246866 0.000640541 
-0.000936179 0.000262544 0.00347992 0.00851079 0.0150957 0.0229424 0.0317402 0.0411704 0.050915 0.0606648 0.0701264 0.0790289 0.0871295 0.0942181 0.100121 0.104705 0.107876 0.109582 0.109814 0.108599 0.106004 0.102128 0.0970994 0.0910728 0.0842211 0.0767321 0.0688024 0.0606313 0.0524162 0.0443467 0.0366005 0.0293383 0.0227007 0.0168046 0.0117408 0.00757144 0.00432873 0.00201294 0.00059155 
-0.000467429 0.000362908 0.00248678 0.00579082 0.0101113 0.0152585 0.0210292 0.0272142 0.0336048 0.0399981 0.0462015 0.0520372 0.057346 0.0619901 0.0658561 0.0688561 0.0709293 0.0720423 0.0721882 0.0713863 0.0696801 0.067135 0.0638357 0.0598831 0.0553912 0.0504829 0.0452871 0.0399344 0.0345539 0.0292697 0.0241979 0.0194432 0.0150972 0.0112356 0.00791663 0.00517909 0.00304038 0.0014938 0.000503964 
-0.000125534 0.0003025 0.00134864 0.00296984 0.00508863 0.00761265 0.0104423 0.0134748 0.0166078 0.0197416 0.0227817 0.0256409 0.0282411 0.0305149 0.0324067 0.0338736 0.034886 0.0354277 0.0354954 0.035099 0.0342598 0.03301 0.0313915 0.0294536 0.0272523 0.024848 0.0223037 0.0196834 0.0170501 0.0144646 0.0119835 0.00965783 0.0075321 0.005643 0.00401841 0.00267639 0.00162365 0.00085271 0.000334841 
