0.000934255 0.00427695 0.00973944 0.0169287 0.0253814 0.0345952 0.044057 0.0532694 0.0617736 0.0691699 0.0751324 0.0794202 0.0818841 0.0824675 0.0812036 0.0782085 0.0736706 0.0678372 0.0609992 0.0534745 0.0455918 0.0376736 0.0300219 0.0229044 0.0165442 0.0111115 0.00671857 0.00341716 0.00119928 
0.00173537 0.00822436 0.0188852 0.0329408 0.0494801 0.0675167 0.0860442 0.104087 0.120746 0.135238 0.146923 0.155328 0.160161 0.161311 0.158841 0.152979 0.144094 0.13267 0.119277 0.104539 0.0891001 0.0735925 0.0586088 0.0446746 0.032228 0.0216037 0.0130229 0.00658911 0.00228913 
0.00235237 0.0117319 0.0272622 0.047792 0.0719791 0.0983743 0.1255 0.151925 0.17633 0.197566 0.214693 0.227019 0.234113 0.23581 0.232205 0.223628 0.210621 0.193892 0.174278 0.152693 0.130082 0.107373 0.0854363 0.0650434 0.0468386 0.0313149 0.0187988 0.00944471 0.00323703 
0.00276188 0.0147346 0.0347509 0.0612986 0.0926248 0.126841 0.162024 0.196313 0.227992 0.255565 0.277812 0.293832 0.303061 0.305285 0.300624 0.289509 0.272639 0.250937 0.225487 0.197479 0.168141 0.138681 0.11023 0.0837938 0.0602126 0.0401293 0.0239713 0.0119427 0.00402695 
0.00295805 0.017199 0.0412739 0.0733268 0.111218 0.152647 0.195276 0.236841 0.275258 0.308708 0.335709 0.355162 0.366384 0.36911 0.363484 0.350028 0.32959 0.303288 0.27244 0.238489 0.202928 0.167226 0.132759 0.100751 0.0722249 0.0479643 0.0284923 0.0140605 0.00465249 
0.00294721 0.0191154 0.0467869 0.0837843 0.127608 0.175579 0.224975 0.273165 0.317724 0.356538 0.387882 0.410478 0.42353 0.426728 0.420237 0.404658 0.380977 0.35049 0.314729 0.275369 0.234147 0.19277 0.152839 0.11578 0.0827829 0.0547639 0.0323339 0.015789 0.0051138 
0.00274455 0.0204921 0.0512735 0.0926151 0.14169 0.195474 0.2509 0.305003 0.355053 0.398668 0.433907 0.459328 0.474031 0.477665 0.470413 0.452949 0.426378 0.39216 0.352014 0.307827 0.261554 0.215118 0.170323 0.128777 0.0918224 0.0604943 0.0354843 0.0171294 0.0054159 
0.00237198 0.0213521 0.0547401 0.0997954 0.153399 0.212221 0.272888 0.332142 0.386984 0.434797 0.473445 0.501344 0.517503 0.521533 0.513631 0.494534 0.465452 0.427985 0.384021 0.335631 0.284961 0.234126 0.185107 0.139674 0.0993059 0.0651418 0.0379456 0.0180914 0.00556772 
0.00185637 0.02173 0.0572132 0.10533 0.162709 0.225755 0.290834 0.354435 0.41333 0.464699 0.506242 0.536252 0.553658 0.558038 0.5496 0.529134 0.497939 0.457733 0.410548 0.358613 0.304236 0.249694 0.197126 0.148435 0.10522 0.0687104 0.0397321 0.0186919 0.00558129 
0.00122829 0.0216701 0.0587361 0.109251 0.169629 0.23606 0.30469 0.371803 0.433979 0.488236 0.532136 0.56387 0.582301 0.586981 0.578123 0.556561 0.523665 0.481252 0.431467 0.376669 0.319301 0.261774 0.206352 0.155055 0.109576 0.0712207 0.0408687 0.0189541 0.00547128 
0.000520726 0.0212237 0.0593667 0.111612 0.174204 0.243161 0.314461 0.384228 0.448894 0.505349 0.551049 0.584108 0.603335 0.608259 0.599099 0.57672 0.542546 0.498467 0.446719 0.389759 0.330134 0.270359 0.212797 0.159555 0.112404 0.0727085 0.0413903 0.0189061 0.00525439 
-0.000231935 0.0204478 0.0591746 0.112487 0.176506 0.247126 0.320207 0.391757 0.45811 0.516061 0.562997 0.596971 0.616758 0.621867 0.612522 0.589606 0.55458 0.509386 0.45632 0.397907 0.336769 0.275491 0.216506 0.161986 0.113755 0.0732227 0.0413395 0.0185808 0.0049489 
-0.000995003 0.019403 0.0582391 0.111969 0.176636 0.24806 0.322033 0.394499 0.46173 0.520476 0.568076 0.602554 0.622661 0.627895 0.618479 0.595304 0.559853 0.514093 0.460353 0.401197 0.339287 0.27725 0.21756 0.162424 0.113701 0.0728242 0.0407663 0.018014 0.0045742 
-0.00173445 0.0181515 0.0566462 0.110164 0.174717 0.246103 0.320091 0.392613 0.459927 0.518769 0.566469 0.601039 0.621227 0.626523 0.617146 0.593987 0.558531 0.512746 0.458969 0.399771 0.337821 0.275759 0.216068 0.160967 0.112324 0.0715839 0.039726 0.0172442 0.00415023 
-0.00241788 0.0167555 0.0544864 0.10719 0.170894 0.241422 0.314575 0.386315 0.452932 0.511187 0.558431 0.592692 0.612723 0.618016 0.608785 0.585909 0.550855 0.505574 0.45238 0.393822 0.332548 0.271176 0.212169 0.157734 0.109725 0.069581 0.0382781 0.0163112 0.00369706 
-0.00301545 0.0152752 0.0518519 0.103172 0.165327 0.234213 0.305713 0.375865 0.441033 0.498042 0.544294 0.577855 0.597498 0.602725 0.593739 0.571399 0.53714 0.492871 0.440858 0.383598 0.323686 0.26369 0.206026 0.15286 0.106013 0.0669007 0.0364846 0.0152552 0.00323428 
-0.00350081 0.0137675 0.0488345 0.098242 0.158189 0.224694 0.293764 0.361564 0.424569 0.479704 0.524453 0.55694 0.575975 0.581071 0.572423 0.550859 0.517767 0.474991 0.424726 0.369387 0.31149 0.25352 0.197822 0.146494 0.101306 0.0636321 0.0344085 0.0141158 0.00278056 
-0.0038519 0.0122838 0.0455226 0.0925318 0.149662 0.213098 0.279017 0.343749 0.403923 0.456596 0.499362 0.530423 0.54864 0.553544 0.54532 0.524755 0.493175 0.452342 0.404354 0.35152 0.296245 0.24091 0.187758 0.138799 0.095729 0.0598664 0.0321121 0.0129306 0.00235307 
-0.00405186 0.0108685 0.0419992 0.0861723 0.139931 0.199669 0.261776 0.322785 0.379515 0.429186 0.469526 0.498837 0.516042 0.520696 0.512971 0.493609 0.463858 0.42538 0.380153 0.330358 0.278266 0.226122 0.176047 0.129942 0.0894076 0.055694 0.0296552 0.0117346 0.00196692 
-0.00408984 0.00955753 0.0383389 0.0792894 0.129184 0.184663 0.242364 0.299062 0.351795 0.397978 0.435493 0.462761 0.478778 0.483129 0.47597 0.457991 0.430352 0.394598 0.352569 0.306294 0.257885 0.209434 0.162913 0.120094 0.0824686 0.0512025 0.0270936 0.0105586 0.00163463 
-0.00396184 0.00837622 0.0346059 0.072001 0.117604 0.168334 0.221113 0.272986 0.32124 0.363507 0.397849 0.422816 0.437489 0.441486 0.43495 0.418512 0.393232 0.360524 0.322074 0.279739 0.235452 0.191131 0.148582 0.109427 0.0750349 0.0464738 0.0244767 0.00942795 0.00136546 
-0.00367163 0.00733806 0.0308514 0.0644139 0.105365 0.150936 0.198357 0.244972 0.28834 0.326332 0.357203 0.379651 0.392847 0.396448 0.390582 0.375816 0.353102 0.323713 0.289162 0.251121 0.211328 0.171506 0.13328 0.0981089 0.0672227 0.0415818 0.0218459 0.00836137 0.00116473 
-0.00323179 0.00644262 0.0271113 0.0566209 0.0926345 0.132717 0.174432 0.215442 0.253597 0.287024 0.314186 0.333938 0.34555 0.34872 0.34356 0.33057 0.310588 0.284734 0.254341 0.220878 0.185876 0.150851 0.117231 0.0862998 0.0591381 0.0365891 0.0192316 0.00736905 0.001033 
-0.00266503 0.00567349 0.0234036 0.0486977 0.0795624 0.113914 0.149666 0.184814 0.217515 0.246163 0.26944 0.286364 0.296312 0.299023 0.294596 0.283458 0.26633 0.244171 0.218126 0.189452 0.159461 0.129453 0.100649 0.0741481 0.0508733 0.0315438 0.0166512 0.00645067 0.000964903 
-0.00200603 0.00499586 0.019726 0.0407009 0.0662828 0.094751 0.124378 0.153501 0.180595 0.204328 0.223608 0.237622 0.245853 0.248088 0.244409 0.235172 0.220974 0.202612 0.181033 0.157281 0.132442 0.10759 0.0837359 0.0617864 0.0425031 0.0264759 0.0141049 0.00559255 0.000947563 
-0.00130439 0.00435337 0.0160535 0.0326651 0.0529101 0.0754332 0.098869 0.121904 0.143329 0.162092 0.177329 0.188399 0.194893 0.196645 0.193721 0.186403 0.175166 0.160642 0.143578 0.124801 0.105168 0.0855273 0.0666768 0.0493289 0.034081 0.021393 0.0115715 0.00476349 0.000958028 
-0.000629415 0.00366408 0.0123358 0.0246018 0.0395369 0.0561468 0.0734258 0.090405 0.106193 0.120014 0.131233 0.139376 0.144145 0.145418 0.143246 0.137839 0.129548 0.118838 0.106264 0.0924325 0.0779753 0.0635156 0.049639 0.0368671 0.0256352 0.0162752 0.0090024 0.00390833 0.000958638 
-7.88722e-05 0.0028153 0.0084955 0.0164981 0.0262332 0.037056 0.0483114 0.0593676 0.0696442 0.0786352 0.0859277 0.0912146 0.0943026 0.0951144 0.0936843 0.0901511 0.0847442 0.0777681 0.0695831 0.0605852 0.0511846 0.0417859 0.0327682 0.0244682 0.0171654 0.0110701 0.00631308 0.0029373 0.000887685 
0.000204463 0.00165758 0.00442738 0.00831721 0.013046 0.0183015 0.023765 0.0291293 0.0341125 0.0384689 0.0419985 0.0445531 0.0460398 0.046422 0.0457176 0.0439948 0.041366 0.0379793 0.0340101 0.0296502 0.0250984 0.0205501 0.0161879 0.0121737 0.00864066 0.00568785 0.00337366 0.00170831 0.00063788 
