0 0 0 0 0 0 0 0 0 0 0 0 0 0 0 0 0 0 0 0 0 0 0 0 0 0 0 0 0 0 0 0 0 0 0 0 0 0 0 0 0 0 0 0 0 0 0 0 0 0 0 
0 0.000278824 0.00107998 0.00239048 0.00418898 0.00644612 0.009125 0.0121818 0.0155665 0.0192237 0.0230934 0.0271123 0.0312145 0.0353328 0.0393996 0.0433483 0.0471141 0.0506353 0.0538541 0.0567178 0.0591792 0.0611981 0.0627412 0.0637833 0.0643072 0.0643042 0.0637743 0.0627261 0.0611769 0.0591517 0.0566839 0.0538137 0.0505882 0.04706 0.0432869 0.0393307 0.035256 0.0311294 0.0270186 0.0229905 0.0191112 0.0154438 0.0120483 0.00898011 0.00628909 0.00401907 0.00220686 0.000881775 6.50911e-05 -0.000230279 0 
0 0.00055665 0.00215581 0.00477157 0.00836133 0.0128665 0.0182134 0.0243146 0.0310702 0.0383696 0.0460933 0.0541147 0.0623023 0.0705221 0.0786391 0.0865204 0.0940366 0.101065 0.107489 0.113205 0.118118 0.122147 0.125227 0.127307 0.128352 0.128346 0.127289 0.125197 0.122105 0.118063 0.113137 0.107408 0.100971 0.0939286 0.0863979 0.0785016 0.0703688 0.0621326 0.0539277 0.0458881 0.0381452 0.0308254 0.0240483 0.0179243 0.0125532 0.00802232 0.00440522 0.00176035 0.000130199 -0.000459468 0 
0 0.000832484 0.00322338 0.00713394 0.0125005 0.0192354 0.0272286 0.0363494 0.0464485 0.0573604 0.0689066 0.0808977 0.0931374 0.105425 0.117559 0.129341 0.140577 0.151083 0.160687 0.169231 0.176575 0.182599 0.187203 0.190312 0.191875 0.191866 0.190285 0.187158 0.182535 0.176493 0.16913 0.160566 0.150942 0.140415 0.129158 0.117354 0.105196 0.0928839 0.0806184 0.0686 0.0570251 0.0460828 0.0359516 0.0267968 0.0187674 0.011994 0.0065866 0.00263255 0.000195342 -0.000686485 0 
0 0.00110534 0.00427858 0.00946833 0.01659 0.0255275 0.0361346 0.0482379 0.0616393 0.0761193 0.0914409 0.107353 0.123595 0.1399 0.156002 0.171635 0.186545 0.200486 0.21323 0.224568 0.234314 0.242307 0.248416 0.252542 0.254616 0.254604 0.252507 0.248357 0.242223 0.234205 0.224434 0.213071 0.2003 0.186331 0.171393 0.155729 0.139597 0.123259 0.106983 0.0910344 0.0756748 0.0611545 0.0477105 0.035562 0.024907 0.0159185 0.00874263 0.00349521 0.00026054 -0.000910251 0 
0 0.00137425 0.0053174 0.0117656 0.0206138 0.0317176 0.0448956 0.0599323 0.0765814 0.0945706 0.113605 0.133373 0.153551 0.173807 0.19381 0.213233 0.231755 0.249075 0.264907 0.278992 0.291099 0.301029 0.308619 0.313744 0.316321 0.316306 0.3137 0.308545 0.300924 0.290964 0.278826 0.264709 0.248843 0.23149 0.212932 0.193472 0.17343 0.153134 0.132913 0.113101 0.094019 0.0759799 0.0592778 0.0441851 0.0309476 0.0197805 0.010865 0.00434522 0.000325813 -0.0011297 0 
0 0.00163826 0.00633585 0.0140167 0.0245558 0.0377811 0.0534765 0.0713854 0.0912146 0.11264 0.135309 0.158853 0.182884 0.207009 0.230832 0.253963 0.276023 0.29665 0.315505 0.33228 0.346699 0.358525 0.367565 0.373669 0.376738 0.37672 0.373616 0.367477 0.358401 0.346539 0.332083 0.31527 0.296375 0.275708 0.253605 0.23043 0.206561 0.182388 0.158306 0.13471 0.111984 0.0904993 0.0706071 0.0526316 0.0368653 0.0235647 0.0129456 0.00517954 0.000391189 -0.00134379 0 
0 0.00189644 0.00733008 0.0162129 0.0284005 0.0436938 0.061843 0.0825514 0.10548 0.130254 0.156466 0.183689 0.211475 0.23937 0.266916 0.293662 0.319169 0.343019 0.364821 0.384216 0.400888 0.414562 0.425014 0.432073 0.435621 0.435601 0.432012 0.424913 0.414419 0.400703 0.383989 0.364549 0.342702 0.318805 0.293249 0.266453 0.238853 0.210903 0.183058 0.155774 0.129496 0.104654 0.081653 0.0608677 0.0426367 0.0272564 0.0149765 0.00599517 0.000456694 -0.00155149 0 
0 0.00214789 0.0082963 0.0183457 0.0321327 0.0494322 0.0699616 0.0933853 0.11932 0.147341 0.17699 0.207781 0.239209 0.27076 0.301917 0.332168 0.361018 0.387993 0.412652 0.43459 0.453447 0.468913 0.480735 0.488718 0.492731 0.492708 0.488649 0.48062 0.468752 0.453238 0.434333 0.412345 0.387635 0.360607 0.331702 0.301394 0.270177 0.238564 0.207069 0.176209 0.146487 0.118388 0.0923713 0.0688606 0.0482388 0.0308412 0.0169498 0.00678922 0.000522365 -0.00175178 0 
0 0.00239174 0.00923087 0.0204068 0.0357376 0.0549734 0.0777999 0.103844 0.132679 0.163834 0.196798 0.231032 0.265974 0.301053 0.335692 0.369325 0.4014 0.431391 0.458806 0.483196 0.504161 0.521356 0.534499 0.543374 0.547836 0.547811 0.543298 0.534372 0.521177 0.503929 0.482911 0.458466 0.430994 0.400944 0.368808 0.335112 0.300406 0.265258 0.230242 0.195932 0.162886 0.131646 0.102719 0.0765787 0.0536497 0.034305 0.0188582 0.00755889 0.000588239 -0.00194371 0 
0 0.00262715 0.0101303 0.0223881 0.0392013 0.0602956 0.0853267 0.113885 0.145504 0.179666 0.215811 0.253348 0.291661 0.330124 0.368105 0.404983 0.440152 0.473035 0.503095 0.529838 0.552824 0.571678 0.586089 0.59582 0.600713 0.600685 0.595737 0.58595 0.571482 0.552571 0.529526 0.502723 0.472601 0.439653 0.404417 0.367471 0.329417 0.290878 0.252485 0.214863 0.178629 0.144374 0.112655 0.0839912 0.058848 0.0376345 0.0206944 0.00830148 0.000654363 -0.00212631 0 
0 0.00285332 0.0109912 0.0242821 0.0425101 0.0653778 0.092512 0.123469 0.157743 0.194772 0.233951 0.274639 0.316167 0.357857 0.399025 0.438996 0.477116 0.512758 0.54534 0.574326 0.599241 0.619676 0.635295 0.645843 0.651146 0.651116 0.645754 0.635145 0.619464 0.598967 0.573989 0.544938 0.512289 0.476577 0.438386 0.398339 0.357093 0.315321 0.273706 0.232928 0.193653 0.156521 0.12214 0.0910688 0.0638134 0.0408167 0.0224515 0.00901444 0.000720787 -0.00229867 0 
0 0.00306951 0.0118104 0.0260815 0.045651 0.0701999 0.0993274 0.132558 0.169347 0.209094 0.251147 0.294819 0.339393 0.38414 0.428327 0.471229 0.512143 0.550399 0.585369 0.61648 0.643221 0.665154 0.681919 0.69324 0.698932 0.6989 0.693144 0.681758 0.664928 0.642929 0.61612 0.584939 0.549897 0.511567 0.470576 0.427594 0.383323 0.338488 0.293821 0.250052 0.207896 0.16804 0.131136 0.0977836 0.0685263 0.0438394 0.024123 0.00969533 0.00078757 -0.00245993 0 
0 0.003275 0.0125849 0.0277795 0.048612 0.074743 0.105746 0.141114 0.18027 0.222572 0.267329 0.313807 0.361246 0.408868 0.455893 0.501551 0.545093 0.585806 0.623021 0.65613 0.684589 0.70793 0.725772 0.73782 0.743877 0.743843 0.737718 0.725601 0.707691 0.684279 0.655748 0.622566 0.585274 0.544482 0.500858 0.455115 0.408001 0.360286 0.312749 0.266168 0.221302 0.178885 0.139607 0.104109 0.0729685 0.0466911 0.0257026 0.0103419 0.000854779 -0.00260925 0 
0 0.00346913 0.0133119 0.0293696 0.0513816 0.0789893 0.111742 0.149106 0.190469 0.235154 0.282432 0.331528 0.381637 0.43194 0.481612 0.529839 0.575831 0.618835 0.658145 0.693116 0.723176 0.747831 0.766676 0.779402 0.7858 0.785764 0.779295 0.766497 0.747579 0.72285 0.692714 0.657665 0.618275 0.575189 0.529111 0.480794 0.431028 0.380628 0.330415 0.281211 0.233819 0.189012 0.14752 0.110021 0.0771227 0.0493608 0.0271846 0.0109519 0.000922487 -0.00274584 0 
0 0.00365131 0.0139888 0.0308459 0.0539492 0.0829224 0.117293 0.1565 0.199902 0.24679 0.296397 0.34791 0.400486 0.453264 0.505381 0.555981 0.604236 0.649355 0.690598 0.727289 0.758827 0.784695 0.804467 0.817819 0.824532 0.824494 0.817707 0.80428 0.784431 0.758487 0.72687 0.690097 0.64877 0.603565 0.55522 0.504527 0.452313 0.399432 0.346748 0.295122 0.245395 0.198381 0.154844 0.115495 0.0809729 0.0518385 0.0285636 0.0115235 0.000990774 -0.00286895 0 
0 0.00382099 0.0146132 0.0322029 0.056305 0.0865272 0.122377 0.163268 0.208534 0.257433 0.309167 0.362888 0.417717 0.472756 0.527104 0.579871 0.630192 0.677242 0.720251 0.758512 0.7914 0.818374 0.838993 0.852916 0.859916 0.859878 0.8528 0.838798 0.818101 0.791047 0.758077 0.719731 0.676636 0.629496 0.579082 0.526218 0.471769 0.416623 0.361683 0.307844 0.255986 0.206956 0.161551 0.120511 0.0845045 0.054115 0.0298347 0.0120548 0.00105973 -0.00297791 0 
0 0.00397766 0.0151829 0.0334357 0.0584402 0.0897897 0.126973 0.169384 0.21633 0.267042 0.320693 0.376403 0.433262 0.490337 0.546696 0.601414 0.653596 0.702386 0.746984 0.78666 0.820764 0.848735 0.870115 0.884554 0.891813 0.891773 0.884434 0.869915 0.848453 0.820399 0.786211 0.746448 0.70176 0.652878 0.600601 0.545782 0.489319 0.432134 0.37516 0.319329 0.26555 0.214702 0.167613 0.12505 0.087704 0.0561818 0.0309933 0.0125442 0.00112945 -0.00307206 0 
0 0.00412091 0.0156961 0.0345398 0.0603468 0.0926978 0.131066 0.174824 0.223259 0.275579 0.330929 0.388402 0.447059 0.505939 0.564079 0.620526 0.674355 0.724686 0.770693 0.811621 0.846801 0.875655 0.897711 0.912605 0.920093 0.920052 0.912482 0.897505 0.875366 0.846427 0.811161 0.770143 0.724045 0.673619 0.619691 0.563142 0.504895 0.445903 0.387128 0.32953 0.27405 0.221591 0.173009 0.129094 0.0905595 0.0580315 0.0320356 0.0129904 0.00120003 -0.00315084 0 
0 0.00425037 0.016151 0.0355113 0.062018 0.0952404 0.134638 0.179567 0.229296 0.283011 0.339835 0.398838 0.459054 0.519499 0.579184 0.63713 0.692388 0.744055 0.791282 0.833296 0.86941 0.899029 0.921669 0.936958 0.944646 0.944604 0.936833 0.92146 0.898734 0.869028 0.832827 0.790721 0.7434 0.691638 0.636279 0.578228 0.518435 0.457875 0.397539 0.338409 0.281452 0.227595 0.177716 0.132627 0.0930605 0.0596573 0.032958 0.013392 0.00127158 -0.00321372 0 
0 0.00436573 0.0165464 0.036347 0.0634477 0.0974085 0.137677 0.183596 0.234417 0.289309 0.347377 0.40767 0.469202 0.530966 0.591952 0.651161 0.707624 0.760415 0.808671 0.851601 0.8885 0.918764 0.941897 0.957519 0.965374 0.965331 0.957392 0.941684 0.918465 0.888113 0.851124 0.808102 0.759752 0.706862 0.650298 0.590983 0.529886 0.468006 0.406352 0.345931 0.287728 0.232692 0.181719 0.135638 0.0951978 0.0610537 0.0337575 0.013748 0.00134422 -0.00326023 0 
0 0.00446674 0.0168809 0.0370441 0.064631 0.0991941 0.140171 0.186895 0.238603 0.294451 0.353526 0.414865 0.477462 0.540295 0.602334 0.662566 0.720003 0.773706 0.822793 0.866463 0.903998 0.934784 0.958315 0.974207 0.982197 0.982154 0.974078 0.958101 0.934482 0.903607 0.865981 0.822219 0.773035 0.719234 0.661694 0.601356 0.539205 0.476255 0.413535 0.352068 0.292855 0.236862 0.185001 0.138115 0.096964 0.062216 0.0344318 0.0140576 0.00141805 -0.00329 0 
0 0.00455324 0.0171537 0.0376005 0.0655641 0.100591 0.142113 0.189452 0.241838 0.298416 0.358261 0.420395 0.483804 0.54745 0.610292 0.671301 0.72948 0.783874 0.833595 0.877827 0.915845 0.947027 0.970862 0.986958 0.995051 0.995008 0.986829 0.970646 0.946723 0.915452 0.877343 0.833017 0.783201 0.728707 0.670426 0.609309 0.546356 0.482593 0.419061 0.356796 0.296814 0.240091 0.187552 0.140049 0.0983532 0.0631405 0.0349788 0.0143202 0.00149318 -0.00330267 0 
0 0.00462511 0.0173642 0.0380147 0.066244 0.101595 0.143494 0.191259 0.244112 0.30119 0.361563 0.424242 0.488206 0.552407 0.615796 0.677335 0.736018 0.790884 0.841035 0.88565 0.923997 0.955449 0.97949 0.995725 1.00389 1.00385 0.995596 0.979274 0.955145 0.923604 0.885166 0.840458 0.790211 0.735246 0.67646 0.614813 0.551313 0.486995 0.422909 0.360099 0.299591 0.242368 0.189362 0.141433 0.0993608 0.0638244 0.0353972 0.0145352 0.00156972 -0.00329801 0 
0 0.00468231 0.017512 0.0382855 0.0666691 0.102204 0.144312 0.192311 0.245417 0.302766 0.363421 0.426393 0.490652 0.555148 0.618827 0.680647 0.739596 0.794711 0.84509 0.889906 0.928426 0.96002 0.984169 1.00048 1.00868 1.00864 1.00035 0.983954 0.959717 0.928035 0.889424 0.844515 0.794041 0.738828 0.679776 0.617849 0.55406 0.489448 0.425067 0.361967 0.301176 0.243684 0.190425 0.142265 0.0999841 0.0642659 0.0356861 0.0147024 0.00164776 -0.00327581 0 
0 0.00472483 0.017597 0.0384128 0.0668384 0.102415 0.144565 0.192604 0.245751 0.303139 0.363832 0.426841 0.491135 0.555665 0.619376 0.681227 0.740204 0.795345 0.845746 0.890582 0.92912 0.960727 0.984887 1.0012 1.00941 1.00936 1.00108 0.984674 0.960427 0.928732 0.890104 0.845176 0.794681 0.739443 0.680364 0.618409 0.554588 0.489944 0.425529 0.362394 0.301567 0.244037 0.190741 0.142542 0.100222 0.0644644 0.0358451 0.0148218 0.0017274 -0.00323598 0 
0 0.00475276 0.0176193 0.0383968 0.0667525 0.102229 0.144252 0.19214 0.245113 0.302309 0.362796 0.425588 0.489658 0.553962 0.617447 0.679078 0.737845 0.792788 0.843007 0.887682 0.92608 0.957574 0.981646 0.997903 1.00608 1.00604 0.997777 0.981436 0.957278 0.925698 0.887211 0.842445 0.792133 0.737094 0.678227 0.616494 0.552901 0.488485 0.424296 0.361381 0.300763 0.243428 0.190308 0.142264 0.100074 0.0644201 0.0358744 0.0148934 0.00180868 -0.00317848 0 
0 0.00476622 0.0175793 0.0382381 0.0664126 0.101649 0.143378 0.190922 0.243509 0.300284 0.360321 0.422642 0.48623 0.550048 0.613052 0.674213 0.732532 0.787055 0.836891 0.881223 0.919328 0.950579 0.974467 0.9906 0.998712 0.998671 0.990476 0.974261 0.950289 0.918952 0.880761 0.836339 0.786413 0.731795 0.673379 0.612117 0.549008 0.485081 0.421377 0.358935 0.29877 0.241861 0.18913 0.141434 0.0995435 0.0641341 0.0357746 0.0149176 0.00189165 -0.00310338 0 
0 0.00476539 0.0174777 0.0379383 0.0658211 0.100678 0.141946 0.188957 0.240948 0.297073 0.356419 0.41802 0.48087 0.543944 0.606212 0.666658 0.724294 0.778178 0.827428 0.87124 0.908896 0.93978 0.963387 0.97933 0.987347 0.987307 0.979209 0.963185 0.939496 0.908528 0.870787 0.826889 0.77755 0.723575 0.665844 0.6053 0.54293 0.479749 0.416787 0.35507 0.2956 0.239344 0.187215 0.140057 0.0986326 0.0636086 0.035547 0.0148946 0.00197628 -0.00301081 0 
0 0.00475048 0.0173153 0.0374992 0.0649813 0.0993211 0.139965 0.186255 0.237442 0.292693 0.35111 0.411743 0.473602 0.535679 0.596962 0.656449 0.71317 0.766197 0.814664 0.857779 0.894835 0.925227 0.948458 0.964147 0.972037 0.971998 0.964029 0.948261 0.924951 0.894478 0.857339 0.81414 0.765587 0.712471 0.655659 0.596077 0.534696 0.472515 0.410549 0.349804 0.291268 0.235891 0.184572 0.13814 0.0973465 0.0628465 0.0351929 0.0148252 0.00206253 -0.00290102 0 
0 0.00472174 0.0170932 0.0369232 0.0638977 0.0975852 0.137444 0.18283 0.233008 0.287165 0.344419 0.403841 0.464462 0.525293 0.585344 0.643635 0.699213 0.751171 0.79866 0.840903 0.877211 0.90699 0.929751 0.945123 0.952854 0.952816 0.945009 0.929561 0.906722 0.876865 0.840478 0.798153 0.750581 0.698537 0.642871 0.58449 0.524344 0.463414 0.40269 0.343161 0.285793 0.231517 0.181213 0.135693 0.0956915 0.0618519 0.0347145 0.0147098 0.00215024 -0.00277437 0 
0 0.00467945 0.0168126 0.0362132 0.0625753 0.0954784 0.134394 0.178696 0.227667 0.280513 0.336377 0.39435 0.45349 0.512833 0.571413 0.628273 0.682486 0.733166 0.779487 0.820692 0.856106 0.885151 0.907352 0.922346 0.929886 0.92985 0.922236 0.907169 0.884893 0.855773 0.820282 0.779 0.732599 0.681836 0.627539 0.570592 0.511923 0.452486 0.393248 0.335173 0.279201 0.226243 0.177153 0.132725 0.0936753 0.0606291 0.0341141 0.0145492 0.00223918 -0.00263131 0 
0 0.0046239 0.0164749 0.0353725 0.0610202 0.0930103 0.130831 0.173873 0.221441 0.272768 0.327019 0.383314 0.440738 0.498356 0.55523 0.610433 0.663065 0.712266 0.757235 0.797235 0.831614 0.859811 0.881363 0.895918 0.903238 0.903203 0.895813 0.881187 0.859563 0.831295 0.796843 0.756768 0.711723 0.662444 0.609732 0.554446 0.497487 0.43978 0.382264 0.325874 0.271522 0.220091 0.172411 0.129251 0.0913066 0.0591838 0.0333942 0.0143442 0.00232901 -0.00247243 0 
0 0.00455535 0.0160816 0.0344049 0.0592392 0.0901916 0.126768 0.168381 0.21436 0.263963 0.316387 0.37078 0.42626 0.481925 0.536869 0.590196 0.641038 0.688565 0.732002 0.77064 0.803848 0.831083 0.851901 0.86596 0.873031 0.872998 0.86586 0.851733 0.830848 0.803544 0.770266 0.731557 0.688048 0.640447 0.58953 0.536125 0.481101 0.425354 0.369788 0.315305 0.262789 0.213088 0.167007 0.125286 0.0885954 0.0575217 0.0325577 0.0140954 0.00241922 -0.00229847 0 
0 0.00447405 0.0156343 0.0333142 0.0572398 0.0870341 0.122223 0.162244 0.206453 0.254138 0.304527 0.356805 0.410122 0.463614 0.51641 0.567651 0.616503 0.662168 0.703903 0.741026 0.772931 0.799098 0.819099 0.832607 0.839401 0.839369 0.832512 0.81894 0.798875 0.772643 0.740672 0.703482 0.661679 0.615945 0.567023 0.515709 0.462838 0.40927 0.355873 0.303513 0.253039 0.205265 0.160963 0.120845 0.0855527 0.0556494 0.0316077 0.0138034 0.0025091 -0.00211032 0 
0 0.00438019 0.0151345 0.0321047 0.0550298 0.0835509 0.117216 0.155489 0.197755 0.243334 0.291492 0.341449 0.392395 0.443504 0.493946 0.5429 0.589569 0.633194 0.673063 0.708526 0.739004 0.764 0.783106 0.79601 0.8025 0.80247 0.79592 0.782956 0.76379 0.738732 0.708192 0.672667 0.632735 0.589045 0.54231 0.493289 0.442778 0.391599 0.34058 0.290548 0.242314 0.196654 0.154305 0.115946 0.0821904 0.0535737 0.0305472 0.0134687 0.00259769 -0.00190907 0 
0 0.00427386 0.0145838 0.0307805 0.0526177 0.0797555 0.111767 0.148142 0.188301 0.231598 0.277337 0.324778 0.373155 0.421683 0.469575 0.516051 0.560358 0.601772 0.63962 0.673285 0.702218 0.725946 0.744083 0.756332 0.762493 0.762465 0.756248 0.743943 0.725749 0.701964 0.672973 0.63925 0.601343 0.559869 0.515502 0.468963 0.421009 0.372417 0.323975 0.276466 0.230659 0.187291 0.14706 0.11061 0.0785208 0.0513017 0.029379 0.0130913 0.00268373 -0.00169603 0 
0 0.004155 0.0139835 0.029346 0.0500119 0.0756623 0.105896 0.140234 0.17813 0.218978 0.262122 0.306866 0.352487 0.398246 0.443403 0.487224 0.528997 0.568043 0.603725 0.635463 0.662739 0.685108 0.702207 0.713754 0.719563 0.719536 0.713676 0.702076 0.684925 0.662502 0.635173 0.603381 0.567645 0.528545 0.486716 0.442839 0.397625 0.351808 0.306129 0.261326 0.218122 0.177214 0.139256 0.104855 0.0745569 0.0488403 0.0281057 0.0126709 0.00276552 -0.00147277 0 
0 0.00402336 0.0133346 0.0278051 0.047221 0.0712858 0.0996257 0.131795 0.167284 0.205527 0.245911 0.287787 0.330478 0.373297 0.415548 0.456547 0.495628 0.532156 0.565538 0.595228 0.620745 0.641671 0.657666 0.668468 0.673902 0.673878 0.668396 0.657545 0.641502 0.620527 0.594961 0.565221 0.531791 0.495212 0.456081 0.415031 0.372729 0.32986 0.287117 0.24519 0.204756 0.166462 0.130922 0.0987019 0.0703116 0.0461964 0.0267296 0.0122068 0.00284086 -0.00124118 0 
0 0.0038784 0.0126378 0.0261614 0.044253 0.0666405 0.0929792 0.122858 0.155806 0.191299 0.228772 0.267622 0.307225 0.346941 0.386129 0.424154 0.460398 0.494274 0.52523 0.552763 0.576425 0.59583 0.610663 0.62068 0.625719 0.625697 0.620614 0.610552 0.595676 0.576226 0.552519 0.524941 0.49394 0.46002 0.42373 0.385661 0.346428 0.306667 0.26702 0.228126 0.190612 0.155077 0.122089 0.0921725 0.0657977 0.043376 0.0252519 0.0116971 0.00290685 -0.00100357 0 
0 0.00371917 0.011893 0.0244175 0.0411156 0.0617405 0.0859786 0.113455 0.143739 0.176351 0.210774 0.246457 0.282826 0.319296 0.355277 0.390189 0.423465 0.454565 0.482984 0.50826 0.529982 0.547796 0.561412 0.570608 0.575233 0.575213 0.570548 0.561312 0.547656 0.529801 0.508039 0.482723 0.454264 0.423124 0.389808 0.354857 0.318836 0.282328 0.245921 0.210203 0.175746 0.143102 0.112789 0.0852871 0.0610271 0.0403844 0.0236728 0.0111392 0.00295974 -0.000762734 0 
0 0.00354422 0.0110993 0.022575 0.0378151 0.0565991 0.0786459 0.103618 0.131127 0.160741 0.191991 0.224378 0.257384 0.290478 0.323127 0.354803 0.384993 0.413208 0.438991 0.461921 0.481627 0.497787 0.510139 0.518481 0.522678 0.52266 0.518427 0.510049 0.497661 0.481465 0.461723 0.438757 0.412939 0.384689 0.354463 0.322753 0.290071 0.256945 0.223908 0.191492 0.160217 0.13058 0.103052 0.0780659 0.0560109 0.0372253 0.021991 0.0105287 0.00299459 -0.000522133 0 
0 0.00335131 0.0102543 0.0206341 0.034356 0.0512278 0.0710018 0.0933796 0.118017 0.144528 0.172496 0.201477 0.231007 0.260613 0.289818 0.318152 0.345155 0.370391 0.39345 0.413958 0.431582 0.446035 0.457082 0.464543 0.468296 0.46828 0.464495 0.457002 0.445924 0.431439 0.413784 0.393244 0.370154 0.344887 0.317854 0.289491 0.260258 0.230625 0.201071 0.172068 0.144081 0.117555 0.0929083 0.0705275 0.0507582 0.0339004 0.0202029 0.00985946 0.00300493 -0.000286076 0 
0 0.00313716 0.00935388 0.018592 0.0307404 0.0456358 0.0630653 0.0827704 0.104451 0.127772 0.152367 0.177846 0.203806 0.229829 0.255498 0.280399 0.30413 0.326308 0.346571 0.364593 0.38008 0.39278 0.402487 0.409043 0.412341 0.412327 0.409001 0.402418 0.392683 0.379955 0.364441 0.346392 0.326102 0.303898 0.280142 0.255216 0.229524 0.203479 0.177501 0.152005 0.127398 0.104069 0.0823875 0.0626889 0.0452756 0.0304083 0.0183021 0.00912247 0.0029822 -6.00361e-05 0 
0 0.00289693 0.00839103 0.0164431 0.0269667 0.0398289 0.0548522 0.0718187 0.0904736 0.110531 0.131677 0.153581 0.175893 0.198257 0.220316 0.241713 0.262105 0.28116 0.298571 0.314055 0.327361 0.338272 0.346612 0.352245 0.355078 0.355066 0.352209 0.346553 0.338189 0.327254 0.313925 0.298418 0.280985 0.261908 0.241495 0.220078 0.198001 0.175619 0.153293 0.131378 0.110225 0.090166 0.0715164 0.0545641 0.0395663 0.0267441 0.0162781 0.00830514 0.00291494 0.000148891 0 
0 0.00262355 0.00735491 0.0141765 0.0230283 0.0338082 0.0463746 0.06055 0.076125 0.0928632 0.110505 0.128775 0.147383 0.166033 0.184427 0.202268 0.219269 0.235156 0.249672 0.262581 0.273674 0.282771 0.289724 0.294419 0.296782 0.296772 0.29439 0.289675 0.282702 0.273586 0.262474 0.249546 0.235012 0.219107 0.202088 0.184231 0.165823 0.14716 0.128542 0.110265 0.09262 0.0758845 0.0603193 0.0461634 0.033629 0.0228974 0.014115 0.00738969 0.00278754 0.000331238 0 
0 0.00230629 0.00622863 0.0117747 0.0189118 0.0275688 0.0376392 0.0489854 0.0614432 0.0748254 0.0889263 0.103526 0.118394 0.133294 0.147988 0.16224 0.175821 0.188512 0.200106 0.210417 0.219278 0.226544 0.232097 0.235848 0.237734 0.237727 0.235824 0.232058 0.226489 0.219208 0.210332 0.200006 0.188397 0.175693 0.162098 0.147834 0.133129 0.118219 0.103344 0.0887405 0.0746395 0.0612625 0.0488169 0.0374924 0.0274565 0.0188514 0.0117898 0.00635116 0.00257825 0.000473877 0 
0 0.00192844 0.00498596 0.00920964 0.0145942 0.0210974 0.0286461 0.0371414 0.0464625 0.0564711 0.0670146 0.077929 0.0890427 0.10018 0.111162 0.121813 0.131962 0.141446 0.15011 0.157816 0.164437 0.169866 0.174016 0.176819 0.178229 0.178223 0.176801 0.173987 0.169825 0.164384 0.157752 0.150036 0.14136 0.131866 0.121707 0.111047 0.100057 0.088914 0.0777958 0.0668793 0.0563373 0.0463345 0.0370255 0.0285509 0.0210347 0.0145807 0.00926953 0.00515424 0.00225585 0.000557583 0 
0 0.00146203 0.00358547 0.006439 0.0100401 0.0143709 0.0193878 0.0250279 0.0312126 0.0378512 0.044843 0.0520796 0.0594478 0.0668306 0.0741105 0.081171 0.0878984 0.0941844 0.0999274 0.105035 0.109423 0.113022 0.115772 0.11763 0.118564 0.11856 0.117618 0.115753 0.112995 0.109388 0.104992 0.0998777 0.0941276 0.0878349 0.0811011 0.0740349 0.0667499 0.0593631 0.0519924 0.0447549 0.0377648 0.0311312 0.0249562 0.0193323 0.0143409 0.0100494 0.00650864 0.00374877 0.00177383 0.00055192 0 
0 0.000855531 0.0019601 0.00339939 0.00519844 0.00735425 0.00984764 0.0126485 0.0157185 0.0190129 0.022482 0.0260723 0.0297274 0.0333897 0.0370008 0.0405029 0.0438397 0.0469575 0.049806 0.052339 0.0545156 0.0563005 0.0576647 0.058586 0.0590494 0.0590475 0.0585801 0.0576549 0.0562869 0.0544983 0.0523179 0.0497812 0.0469292 0.043808 0.0404681 0.0369631 0.0333496 0.0296855 0.0260291 0.0224387 0.0189706 0.0156791 0.0126144 0.00982249 0.00734323 0.00520953 0.00344544 0.00206358 0.0010601 0.000403006 0 
0 0 0 0 0 0 0 0 0 0 0 0 0 0 0 0 0 0 0 0 0 0 0 0 0 0 0 0 0 0 0 0 0 0 0 0 0 0 0 0 0 0 0 0 0 0 0 0 0 0 0 