0.000142523 0.000803439 0.00195807 0.00357122 0.00559928 0.00799193 0.0106936 0.0136448 0.0167836 0.0200465 0.0233703 0.0266923 0.0299522 0.0330927 0.0360602 0.0388059 0.0412863 0.0434639 0.0453072 0.0467914 0.0478986 0.0486177 0.048944 0.0488798 0.0484336 0.0476197 0.0464579 0.0449731 0.0431943 0.0411545 0.0388894 0.036437 0.0338371 0.0311301 0.0283566 0.0255567 0.0227691 0.0200307 0.0173761 0.0148369 0.0124413 0.0102138 0.00817503 0.00634124 0.00472434 0.00333181 0.00216666 0.00122748 0.00050857 
0.000266478 0.0015628 0.0038381 0.0070218 0.0110272 0.0157545 0.0210935 0.0269267 0.0331312 0.0395818 0.0461529 0.0527211 0.0591667 0.0653764 0.0712444 0.076674 0.0815793 0.0858858 0.0895314 0.0924672 0.0946575 0.0960802 0.0967265 0.0966005 0.095719 0.0941103 0.0918138 0.0888784 0.0853618 0.0813287 0.0768501 0.0720012 0.0668605 0.0615081 0.0560243 0.0504882 0.0449765 0.0395624 0.0343141 0.0292942 0.0245586 0.0201559 0.0161267 0.0125033 0.00930949 0.00656002 0.00426105 0.00241003 0.000996009 
0.000362323 0.00225927 0.00561237 0.0103154 0.0162387 0.0232339 0.0311373 0.0397743 0.0489628 0.058517 0.0682508 0.0779809 0.0875304 0.0967309 0.105426 0.113471 0.120741 0.127123 0.132526 0.136878 0.140126 0.142236 0.143195 0.143011 0.141706 0.139325 0.135924 0.131576 0.126366 0.120392 0.113757 0.106573 0.0989571 0.0910274 0.0829029 0.0747013 0.0665361 0.0585157 0.0507416 0.0433064 0.0362932 0.0297742 0.0238096 0.0184475 0.0137231 0.0096588 0.00626382 0.00353479 0.001456 
0.000424099 0.00287999 0.00726063 0.0134238 0.0211976 0.0303855 0.0407715 0.0521254 0.0642071 0.0767719 0.0895746 0.102374 0.114937 0.127042 0.138482 0.14907 0.158636 0.167036 0.174149 0.179878 0.184154 0.186934 0.1882 0.187961 0.186248 0.183117 0.178645 0.172927 0.166075 0.158216 0.149487 0.140037 0.130018 0.119585 0.108897 0.0981081 0.0873672 0.0768176 0.0665928 0.0568151 0.0475938 0.0390241 0.0311857 0.0241421 0.0179398 0.0126085 0.0081609 0.0045929 0.00188439 
0.000448228 0.00341638 0.00876827 0.0163258 0.0258749 0.0371723 0.0499507 0.0639257 0.0788008 0.0942741 0.110043 0.12581 0.141288 0.156203 0.1703 0.183348 0.195139 0.205493 0.214262 0.221326 0.2266 0.230031 0.231596 0.231306 0.2292 0.225347 0.21984 0.212797 0.204357 0.194676 0.183923 0.172281 0.159937 0.147085 0.133918 0.120626 0.107395 0.0944011 0.0818082 0.0697678 0.058415 0.0478673 0.0382232 0.0295612 0.0219392 0.0153941 0.00994185 0.00557803 0.0022784 
0.000432851 0.00386309 0.0101251 0.0190051 0.0302479 0.0435641 0.0586366 0.0751282 0.0926881 0.110959 0.129582 0.148206 0.166491 0.184114 0.200772 0.216192 0.230127 0.242367 0.252734 0.261087 0.267326 0.271386 0.273243 0.272906 0.270424 0.265877 0.259375 0.251059 0.24109 0.229654 0.216953 0.203199 0.188617 0.173435 0.15788 0.14218 0.126552 0.111205 0.0963339 0.082118 0.0687171 0.0562704 0.0448948 0.0346834 0.025705 0.0180037 0.0115989 0.00648573 0.00263615 
0.000377414 0.00421726 0.0113246 0.0214503 0.0342989 0.0495362 0.0667968 0.0856926 0.10582 0.126768 0.148125 0.169487 0.190463 0.210682 0.229797 0.247493 0.263488 0.277538 0.28944 0.299033 0.3062 0.310868 0.313006 0.312628 0.309788 0.304578 0.297124 0.287588 0.276155 0.263038 0.248469 0.232692 0.215964 0.198548 0.180706 0.162697 0.144773 0.127173 0.110121 0.0938241 0.0784653 0.0642049 0.0511777 0.039491 0.0292242 0.0204284 0.0131263 0.00731287 0.00295646 
0.000282395 0.00447807 0.0123629 0.0236534 0.0380147 0.0550692 0.0744049 0.0955846 0.118154 0.141651 0.165613 0.189585 0.213127 0.235823 0.257283 0.277153 0.295115 0.310895 0.324266 0.335045 0.3431 0.348351 0.350761 0.350347 0.347168 0.341328 0.332968 0.322269 0.309441 0.294722 0.278371 0.260665 0.241892 0.222346 0.202323 0.182113 0.162001 0.142255 0.123127 0.104849 0.0876289 0.0716461 0.0570526 0.0439694 0.0324864 0.0226612 0.0145199 0.00805748 0.00323869 
0.0001491 0.00464636 0.013239 0.0256099 0.0413861 0.0601481 0.0814394 0.104776 0.129654 0.155564 0.181992 0.208438 0.234415 0.259461 0.283147 0.305081 0.324911 0.342336 0.357103 0.36901 0.377913 0.383719 0.386392 0.385947 0.382449 0.376013 0.366796 0.354997 0.340847 0.324608 0.306569 0.287034 0.266321 0.244756 0.222665 0.20037 0.178184 0.156405 0.135313 0.115162 0.0961818 0.0785732 0.0625035 0.0481071 0.0354835 0.0246971 0.0157772 0.00871846 0.00348265 
-2.04801e-05 0.00472438 0.0139538 0.0273179 0.0444072 0.0647622 0.0878837 0.113242 0.14029 0.168468 0.197218 0.225994 0.254264 0.281527 0.307313 0.331194 0.352789 0.371768 0.387854 0.400829 0.410534 0.416868 0.419791 0.419319 0.415524 0.408529 0.398507 0.385671 0.370277 0.352608 0.332978 0.31172 0.289179 0.265712 0.241674 0.217415 0.193277 0.169586 0.146644 0.124733 0.104102 0.0849687 0.0675175 0.0518949 0.0382098 0.0265329 0.0168966 0.00929554 0.00368855 
-0.000223785 0.00471552 0.0145099 0.028778 0.0470754 0.0689046 0.0937255 0.120967 0.150036 0.180332 0.211252 0.242206 0.272623 0.301961 0.329714 0.355421 0.37867 0.399106 0.416431 0.430409 0.440869 0.447701 0.450862 0.450368 0.446297 0.438782 0.428008 0.414205 0.397646 0.37864 0.357522 0.334652 0.310402 0.285156 0.259296 0.233201 0.207239 0.181761 0.157094 0.13354 0.11137 0.0908189 0.0720846 0.0553261 0.0406613 0.0281667 0.0178777 0.0097891 0.0038569 
-0.000457784 0.00462422 0.0149116 0.0299931 0.049391 0.0725716 0.0989569 0.127935 0.158875 0.191131 0.224062 0.257037 0.289446 0.320711 0.350292 0.377697 0.402485 0.424278 0.442757 0.457671 0.468834 0.476133 0.479518 0.479007 0.474684 0.466688 0.455217 0.440518 0.422881 0.402633 0.380135 0.355769 0.329934 0.303036 0.275486 0.247689 0.220035 0.192901 0.166637 0.141564 0.117972 0.0961128 0.0761975 0.0583964 0.0428358 0.029598 0.0187211 0.0102002 0.00398851 
-0.000719049 0.00445575 0.0151647 0.0309681 0.0513566 0.0757631 0.103574 0.13414 0.166791 0.200845 0.235622 0.270454 0.304696 0.337734 0.368999 0.397968 0.424176 0.44722 0.466765 0.482543 0.494358 0.502089 0.505684 0.505162 0.500609 0.492174 0.480065 0.464542 0.445914 0.424526 0.40076 0.375018 0.347725 0.319309 0.290207 0.260844 0.231638 0.202984 0.175255 0.14879 0.123897 0.100843 0.0798514 0.0611034 0.044733 0.0308278 0.0194285 0.0105304 0.00408449 
-0.00100383 0.00421614 0.0152761 0.0317094 0.0529776 0.0784817 0.107575 0.139575 0.173776 0.20946 0.245914 0.282434 0.318343 0.352996 0.385794 0.416189 0.443692 0.46788 0.488398 0.504967 0.51738 0.525509 0.529298 0.528769 0.52401 0.515177 0.50249 0.48622 0.466691 0.444267 0.419347 0.392355 0.363735 0.33394 0.303425 0.272641 0.242024 0.211991 0.182932 0.155207 0.129138 0.105004 0.0830442 0.0634469 0.046354 0.031858 0.0200021 0.0107819 0.00414615 
-0.00130811 0.00391202 0.0152538 0.0322253 0.054261 0.0807331 0.110964 0.144241 0.179825 0.216969 0.254925 0.292959 0.330365 0.36647 0.400648 0.432327 0.460997 0.486215 0.507612 0.524895 0.537849 0.546339 0.550308 0.549775 0.544834 0.535647 0.522442 0.505503 0.485167 0.461813 0.435858 0.407743 0.377933 0.346899 0.315118 0.283058 0.251176 0.219907 0.18966 0.160808 0.133689 0.108596 0.0857761 0.0654286 0.0477015 0.0326918 0.0204451 0.0109571 0.00417503 
-0.00162766 0.00355055 0.0151066 0.0325254 0.0552163 0.0825254 0.113748 0.148142 0.184941 0.223368 0.262648 0.30202 0.340749 0.378139 0.413539 0.446356 0.47606 0.502194 0.524372 0.542291 0.555728 0.564542 0.568673 0.568141 0.563042 0.553545 0.539885 0.522356 0.501308 0.477133 0.450263 0.421157 0.390295 0.358167 0.325267 0.292082 0.259084 0.226726 0.195432 0.16559 0.137551 0.111618 0.0880496 0.0670521 0.0487797 0.0333335 0.0207614 0.0110593 0.00417288 
-0.00195811 0.00313928 0.0148442 0.0326203 0.0558545 0.083869 0.115935 0.151285 0.189128 0.228662 0.269085 0.309613 0.349489 0.387992 0.424453 0.45826 0.488865 0.515796 0.538656 0.557131 0.570991 0.580089 0.584365 0.583837 0.578606 0.568843 0.554791 0.536753 0.515089 0.490204 0.462542 0.432578 0.400806 0.367731 0.333863 0.299704 0.265742 0.232445 0.200248 0.169555 0.140726 0.114075 0.0898696 0.0683227 0.049594 0.0337882 0.0209554 0.0110917 0.0041416 
-0.00229498 0.00268612 0.014477 0.0325221 0.0561882 0.0847768 0.117538 0.153682 0.192396 0.232856 0.27424 0.315743 0.356585 0.39603 0.433389 0.468033 0.499403 0.527011 0.550451 0.5694 0.583622 0.592966 0.597368 0.596849 0.591508 0.581524 0.567144 0.548679 0.526497 0.501014 0.472685 0.441998 0.409458 0.375585 0.340902 0.305923 0.271151 0.237065 0.204112 0.172707 0.143219 0.115974 0.091243 0.0692475 0.0501512 0.0340622 0.0210324 0.0110583 0.00408327 
-0.00263372 0.0021992 0.0140158 0.0322435 0.0562315 0.0852634 0.118571 0.155346 0.194759 0.235965 0.278126 0.320418 0.362046 0.402258 0.44035 0.475679 0.507675 0.535839 0.559756 0.579097 0.593619 0.603168 0.607678 0.60717 0.601745 0.591585 0.576941 0.55813 0.535529 0.509561 0.480691 0.449416 0.416253 0.381733 0.346388 0.310745 0.275317 0.240593 0.207031 0.175054 0.145041 0.117322 0.0921788 0.0698349 0.0504591 0.0341623 0.0209979 0.010963 0.00400009 
-0.00296978 0.0016868 0.013472 0.0317981 0.0559997 0.0853454 0.119052 0.156297 0.196233 0.238005 0.280758 0.323655 0.365888 0.406691 0.44535 0.481211 0.513694 0.542292 0.566583 0.586231 0.60099 0.610703 0.615303 0.614808 0.609323 0.599031 0.584187 0.565114 0.542192 0.515853 0.486568 0.454842 0.421201 0.386184 0.350331 0.31418 0.278251 0.24304 0.209017 0.176608 0.146201 0.118133 0.0926877 0.0700952 0.050527 0.0340964 0.0208584 0.0108103 0.00389438 
-0.00329864 0.00115727 0.0128569 0.0312002 0.0555092 0.0850409 0.119 0.156553 0.196842 0.238999 0.28216 0.325477 0.368133 0.409352 0.448411 0.48465 0.51748 0.546389 0.57095 0.590822 0.605755 0.615591 0.62026 0.619781 0.614261 0.603881 0.588902 0.569648 0.546505 0.519907 0.490334 0.458293 0.424318 0.388954 0.352749 0.316245 0.279969 0.244425 0.210085 0.177385 0.146716 0.118419 0.0927825 0.0700397 0.0503648 0.0338729 0.0206203 0.0106048 0.00376855 
-0.00361585 0.00061893 0.0121824 0.0304643 0.0547774 0.0843696 0.118437 0.156139 0.196609 0.238973 0.282359 0.325912 0.368809 0.41027 0.449564 0.486027 0.519065 0.548163 0.572888 0.5929 0.607944 0.61786 0.622579 0.62212 0.616586 0.606164 0.591113 0.57176 0.548493 0.52175 0.492013 0.459794 0.42563 0.390069 0.353664 0.316962 0.280493 0.244766 0.210256 0.177404 0.146602 0.118196 0.0924775 0.0696812 0.0499834 0.0335008 0.0202906 0.0103514 0.0036251 
-0.00391709 8.00136e-05 0.0114603 0.0296056 0.0538222 0.0833521 0.117387 0.15508 0.195563 0.237956 0.281385 0.324993 0.367953 0.409481 0.448845 0.48538 0.518488 0.547652 0.572439 0.592506 0.607598 0.617554 0.622302 0.621863 0.61634 0.605918 0.590858 0.571487 0.548194 0.521418 0.491642 0.459379 0.425168 0.389559 0.353107 0.316359 0.27985 0.244088 0.209553 0.176684 0.145879 0.117482 0.0917886 0.0690335 0.0493947 0.0329898 0.0198769 0.010055 0.00346657 
-0.00419818 -0.000451424 0.0107022 0.0286393 0.0526622 0.0820103 0.115873 0.153405 0.193734 0.235983 0.279277 0.322759 0.365604 0.407028 0.446301 0.482755 0.515796 0.544906 0.569653 0.589691 0.604768 0.614722 0.619481 0.619063 0.613573 0.603195 0.588187 0.568878 0.545655 0.518956 0.489262 0.457089 0.422972 0.387461 0.351112 0.31447 0.27807 0.242421 0.208002 0.175252 0.144568 0.116297 0.090733 0.0681116 0.0486111 0.0323499 0.0193865 0.0097207 0.00329552 
-0.00445516 -0.000967582 0.0099197 0.0275806 0.0513162 0.0803668 0.113923 0.151142 0.191156 0.23309 0.276073 0.319254 0.36181 0.402962 0.441983 0.478209 0.511047 0.539984 0.564588 0.584517 0.599517 0.609427 0.614176 0.613782 0.608346 0.598053 0.583159 0.563989 0.54093 0.514416 0.484926 0.452972 0.419087 0.38382 0.34772 0.311333 0.27519 0.239797 0.205632 0.173133 0.142694 0.114662 0.0893292 0.0669311 0.0476457 0.0315915 0.0188274 0.00935373 0.00311454 
-0.00468428 -0.00146099 0.00912407 0.0264446 0.0498035 0.0784447 0.111564 0.148324 0.187864 0.229317 0.271819 0.314526 0.356623 0.397337 0.435949 0.471801 0.504305 0.532952 0.557315 0.577052 0.591915 0.601741 0.60646 0.606089 0.600729 0.590561 0.57584 0.556887 0.534083 0.50786 0.478692 0.447085 0.413568 0.378684 0.342978 0.30699 0.271247 0.236252 0.202477 0.170357 0.140284 0.1126 0.0875969 0.0655087 0.0465122 0.0307254 0.0182074 0.00895926 0.00292619 
-0.00488209 -0.00192458 0.00832618 0.0252462 0.0481432 0.0762676 0.108824 0.144984 0.183897 0.224707 0.266561 0.308626 0.350098 0.390215 0.428265 0.463601 0.495642 0.523885 0.547908 0.567376 0.582041 0.591743 0.596413 0.596066 0.590802 0.580799 0.566307 0.547644 0.525186 0.499357 0.470625 0.439489 0.406472 0.372108 0.336936 0.301489 0.266287 0.231825 0.198572 0.166955 0.137363 0.110135 0.0855566 0.0638614 0.0452243 0.0297623 0.0175344 0.00854247 0.00273302 
-0.00504543 -0.00235175 0.00753638 0.0239999 0.0463541 0.0738594 0.105732 0.141155 0.179294 0.219304 0.26035 0.301611 0.342298 0.381661 0.419002 0.453684 0.485136 0.512864 0.536454 0.555575 0.569984 0.579523 0.584124 0.583802 0.578653 0.568853 0.554646 0.536345 0.514318 0.488983 0.460798 0.430254 0.397864 0.364153 0.329651 0.294881 0.260354 0.226559 0.193954 0.162961 0.133962 0.107291 0.0832294 0.062007 0.0437964 0.0287133 0.0168165 0.0081085 0.00253749 
-0.0051715 -0.00273647 0.00676445 0.0227197 0.0444551 0.0712436 0.102316 0.136873 0.174095 0.213157 0.25324 0.293541 0.333287 0.371747 0.408235 0.44213 0.472872 0.499979 0.523044 0.541744 0.55584 0.565179 0.569692 0.569393 0.564379 0.554817 0.54095 0.523079 0.501567 0.476821 0.449291 0.419454 0.387814 0.354884 0.321181 0.28722 0.2535 0.220498 0.188663 0.15841 0.130112 0.104095 0.0806375 0.0599635 0.0422428 0.0275894 0.0160615 0.00766236 0.00234202 
-0.00525787 -0.00307328 0.00601945 0.0214188 0.0424641 0.068444 0.0986072 0.132173 0.168343 0.206314 0.245285 0.284476 0.323135 0.360546 0.396046 0.429026 0.458942 0.485325 0.507777 0.525984 0.539713 0.548815 0.553221 0.552947 0.548083 0.538795 0.525317 0.507944 0.487026 0.462961 0.436187 0.407169 0.376396 0.344369 0.311592 0.278566 0.245776 0.213688 0.182741 0.153338 0.125843 0.100574 0.077803 0.0577489 0.0405778 0.0264014 0.0152771 0.00720889 0.00214887 
-0.0053025 -0.00335744 0.00530961 0.0201099 0.0403986 0.0654834 0.0946337 0.127091 0.162082 0.198824 0.236544 0.274483 0.311912 0.348139 0.382519 0.414462 0.443442 0.469002 0.490758 0.508404 0.521714 0.530543 0.534826 0.534574 0.529878 0.520896 0.507855 0.491041 0.470794 0.447498 0.421577 0.393483 0.36369 0.332683 0.300951 0.268978 0.237238 0.20618 0.176232 0.147783 0.121187 0.0967548 0.0747485 0.0553816 0.0388157 0.02516 0.0144708 0.00675276 0.00196024 
-0.00530384 -0.00358493 0.0046423 0.0188044 0.0382754 0.0623844 0.0904249 0.121664 0.155353 0.190739 0.227075 0.263628 0.299695 0.334607 0.367744 0.398535 0.426473 0.451118 0.472097 0.489117 0.501959 0.510482 0.514623 0.514394 0.509881 0.501236 0.488678 0.472482 0.452976 0.430532 0.405556 0.378487 0.349779 0.319902 0.289327 0.258522 0.227942 0.198025 0.169179 0.141783 0.116179 0.092665 0.0714966 0.0528796 0.0369706 0.0238757 0.0136498 0.00629837 0.00177814 
-0.00526078 -0.00375254 0.00402385 0.0175128 0.0361099 0.0591687 0.0860092 0.115927 0.148202 0.182112 0.216938 0.251979 0.286559 0.320035 0.351812 0.381344 0.408142 0.431783 0.451911 0.468244 0.480571 0.488756 0.492739 0.492532 0.488215 0.479935 0.467903 0.452381 0.433684 0.412168 0.388224 0.362272 0.334749 0.306105 0.276793 0.247262 0.217949 0.189273 0.161628 0.135378 0.11085 0.0883324 0.0680698 0.0502607 0.0350561 0.0225583 0.0128209 0.00584982 0.0016044 
-0.00517272 -0.00385793 0.00345951 0.0162445 0.0339168 0.0558569 0.081414 0.109915 0.140672 0.172994 0.206196 0.239608 0.272583 0.304511 0.33482 0.362991 0.388556 0.411113 0.43032 0.445908 0.457676 0.465494 0.469304 0.469117 0.465009 0.457122 0.445654 0.430857 0.413031 0.392515 0.369684 0.344936 0.318691 0.291376 0.263425 0.235267 0.207318 0.179979 0.153626 0.128607 0.105235 0.0837844 0.0644903 0.0475424 0.0330853 0.0212174 0.0119905 0.00541087 0.00144069 
-0.00503961 -0.00389972 0.00295334 0.0150075 0.0317091 0.0524683 0.0766663 0.103663 0.132806 0.163438 0.19491 0.226584 0.257849 0.288123 0.316865 0.343582 0.36783 0.389226 0.407448 0.422238 0.433407 0.44083 0.444452 0.444284 0.440397 0.432926 0.422058 0.408034 0.391136 0.371687 0.350042 0.326579 0.301696 0.2758 0.2493 0.222605 0.19611 0.170196 0.145219 0.12151 0.0993655 0.0790481 0.0607798 0.0447414 0.0310708 0.0198618 0.0111643 0.00498486 0.00128842 
-0.00486194 -0.0038775 0.00250808 0.0138083 0.0294985 0.049021 0.0717913 0.097205 0.124646 0.153496 0.183141 0.21298 0.242436 0.270962 0.298047 0.323224 0.346078 0.366245 0.383422 0.397367 0.407898 0.414901 0.418323 0.418172 0.414517 0.407483 0.397249 0.384039 0.368121 0.3498 0.329408 0.307303 0.28386 0.259462 0.234497 0.209347 0.184389 0.159978 0.136454 0.114126 0.0932755 0.07415 0.0569591 0.0418738 0.0290244 0.0184997 0.0103475 0.00457468 0.00114877 
-0.00464084 -0.00379195 0.00212511 0.0126518 0.0272951 0.0455315 0.0668131 0.0905734 0.116235 0.143219 0.170951 0.198867 0.226428 0.25312 0.278465 0.302028 0.323417 0.342294 0.358373 0.371428 0.38129 0.387849 0.391057 0.390922 0.387508 0.380932 0.37136 0.359003 0.344112 0.326971 0.307893 0.287211 0.265277 0.242451 0.219093 0.195565 0.172216 0.149381 0.127376 0.106494 0.0869967 0.0691159 0.0530485 0.0389546 0.0269567 0.0171384 0.00954473 0.00418269 0.00102262 
-0.00437808 -0.00364489 0.00180428 0.0115414 0.0251071 0.0420146 0.0617541 0.0837993 0.107614 0.132659 0.158401 0.184317 0.209905 0.234688 0.258223 0.280104 0.299967 0.317498 0.332433 0.344559 0.353721 0.359817 0.362801 0.36268 0.359514 0.353413 0.344529 0.333059 0.319236 0.303323 0.28561 0.26641 0.246047 0.224855 0.203171 0.181329 0.159654 0.138457 0.118033 0.0986529 0.0805602 0.0639705 0.0490667 0.0359978 0.0248776 0.0157841 0.0087595 0.00381063 0.000910533 
-0.00407609 -0.00343938 0.00154384 0.0104784 0.0229409 0.0384829 0.0566349 0.0769122 0.0988208 0.121865 0.145552 0.169401 0.19295 0.21576 0.237422 0.257563 0.275847 0.291986 0.305735 0.3169 0.325336 0.33095 0.3337 0.333592 0.330682 0.325069 0.316895 0.306341 0.29362 0.278976 0.262676 0.245006 0.226267 0.206764 0.18681 0.16671 0.146765 0.127261 0.10847 0.0906396 0.073996 0.0587371 0.0450312 0.0330157 0.0227954 0.014442 0.00799454 0.0034596 0.000812726 
-0.00373809 -0.00317983 0.00134029 0.0094623 0.0208008 0.0349473 0.0514742 0.0699398 0.0898938 0.110884 0.132462 0.154189 0.175645 0.196427 0.216165 0.234516 0.251178 0.265884 0.278413 0.288588 0.296277 0.301395 0.303902 0.303806 0.301157 0.296044 0.288598 0.278984 0.267395 0.254054 0.239204 0.223107 0.206034 0.188268 0.170089 0.151779 0.133611 0.115845 0.0987292 0.08249 0.0673326 0.0534375 0.0409582 0.0300196 0.020717 0.0131159 0.00725147 0.0031299 0.000728992 
-0.00336811 -0.0028721 0.00118822 0.00849041 0.0186888 0.0314163 0.0462885 0.0629077 0.0808686 0.0997639 0.11919 0.138751 0.158068 0.17678 0.194552 0.211076 0.226079 0.239321 0.250604 0.259766 0.26669 0.271299 0.273558 0.273472 0.271087 0.266485 0.259781 0.251125 0.240691 0.22868 0.215311 0.200819 0.185449 0.169454 0.15309 0.136607 0.120252 0.104261 0.0888547 0.0742385 0.0605968 0.0480918 0.0368616 0.0270184 0.0186477 0.0118079 0.00653062 0.00282092 0.000658653 
-0.00297111 -0.00252372 0.00108015 0.0075577 0.0166044 0.027896 0.0410919 0.0558394 0.071779 0.0885489 0.10579 0.123153 0.140299 0.156909 0.172684 0.187352 0.20067 0.212425 0.22244 0.230573 0.236719 0.24081 0.242815 0.242738 0.240621 0.236535 0.230585 0.222901 0.21364 0.202979 0.191112 0.178249 0.164608 0.150413 0.135889 0.121262 0.106748 0.0925576 0.078887 0.0659177 0.0538134 0.042718 0.0327535 0.0240193 0.0165905 0.0105187 0.00583088 0.00253099 0.00060047 
-0.00255315 -0.00214404 0.00100629 0.00665666 0.0145449 0.0243901 0.0358962 0.0487562 0.0626564 0.0772814 0.0923184 0.107461 0.122416 0.136902 0.150661 0.163454 0.175069 0.185321 0.194055 0.201148 0.206507 0.210074 0.211821 0.211753 0.209905 0.206341 0.20115 0.194448 0.18637 0.177072 0.166723 0.155505 0.143609 0.13123 0.118566 0.105811 0.0931567 0.0807841 0.0688652 0.0575581 0.0470052 0.0373316 0.0286435 0.0210268 0.0145465 0.00924649 0.00514933 0.00225716 0.000552525 
-0.00212159 -0.00174458 0.000954332 0.00577713 0.0125046 0.0208996 0.0307107 0.0416766 0.05353 0.0660018 0.0788252 0.0917392 0.104492 0.116847 0.12858 0.139489 0.149394 0.158135 0.165583 0.17163 0.176198 0.179238 0.180726 0.180666 0.179088 0.176046 0.171618 0.165901 0.159011 0.151081 0.142256 0.132691 0.122547 0.111993 0.101196 0.0903219 0.0795337 0.0689865 0.0588264 0.0491879 0.0401923 0.0319458 0.0245386 0.018043 0.0125139 0.00798725 0.00448095 0.00199489 0.000512039 
-0.00168546 -0.00133946 0.000909043 0.00490604 0.0104753 0.0174229 0.025542 0.0346168 0.0444264 0.0547479 0.0653604 0.0760478 0.086602 0.0968258 0.106535 0.115563 0.123758 0.130991 0.137152 0.142154 0.145932 0.148445 0.149674 0.149621 0.148313 0.145793 0.142127 0.137394 0.131692 0.125129 0.117825 0.10991 0.101518 0.0927854 0.0838527 0.0748573 0.0659333 0.057209 0.0488051 0.0408329 0.0333923 0.0265708 0.0204426 0.0150668 0.0104877 0.00673381 0.003818 0.00173756 0.000475096 
-0.00125605 -0.000945951 0.000851958 0.00402727 0.00844557 0.0139555 0.0203941 0.0275905 0.0353696 0.0435548 0.0519707 0.0604458 0.068815 0.0769218 0.0846205 0.0917778 0.0982749 0.104008 0.108891 0.112855 0.115848 0.117838 0.118809 0.118765 0.117724 0.115724 0.112814 0.10906 0.104537 0.099332 0.0935409 0.0872653 0.0806118 0.0736898 0.0666094 0.0594798 0.0524072 0.0454933 0.0388337 0.0325162 0.0266199 0.0212139 0.0163563 0.0120934 0.00845941 0.00547538 0.0031493 0.00147575 0.000436161 
-0.000847963 -0.000585358 0.000760919 0.00312147 0.00640145 0.0104905 0.0152684 0.0206086 0.0263812 0.0324551 0.0387001 0.0449888 0.0511986 0.0572133 0.0629248 0.0682342 0.0730533 0.0773053 0.0809261 0.0838645 0.0860824 0.0875557 0.0882732 0.0882372 0.0874625 0.0859757 0.0838147 0.0810273 0.0776703 0.073808 0.0695113 0.0648558 0.0599205 0.0547866 0.0495358 0.044249 0.039005 0.033879 0.0289417 0.0242583 0.0198871 0.0158791 0.012277 0.00911461 0.00641638 0.00419667 0.00245914 0.00119602 0.000387186 
-0.000480926 -0.000284148 0.00060967 0.00216599 0.00432594 0.00701808 0.0101636 0.0136794 0.0174799 0.0214786 0.0255898 0.0297296 0.0338172 0.037776 0.0415349 0.0450287 0.0481993 0.0509964 0.0533777 0.0553096 0.0567671 0.0577342 0.058204 0.0581778 0.0576655 0.0566847 0.0552605 0.0534244 0.0512137 0.048671 0.0458429 0.0427791 0.0395317 0.0361541 0.0327 0.0292226 0.0257737 0.0224028 0.0191563 0.0160768 0.0132027 0.0105673 0.00819833 0.00611782 0.00434121 0.00287697 0.00172574 0.00087884 0.000315744 
-0.000183443 -7.53795e-05 0.000367612 0.00113504 0.00219945 0.00352607 0.00507618 0.00680879 0.00868168 0.0106522 0.0126781 0.0147179 0.0167318 0.018682 0.0205335 0.0222542 0.0238154 0.0251924 0.0263644 0.0273147 0.0280313 0.0285062 0.028736 0.0287216 0.0284678 0.0279833 0.0272805 0.026375 0.0252853 0.0240323 0.022639 0.0211299 0.0195306 0.0178676 0.0161671 0.0144555 0.012758 0.0110992 0.00950175 0.00798663 0.00657262 0.00527602 0.00411043 0.00308646 0.0022115 0.00148929 0.000919248 0.000495004 0.000200627 
