0.000120485 0.000244273 0.000383158 0.000551101 0.000762456 0.00103078 0.00136795 0.00178353 0.00228425 0.00287369 0.00355204 0.00431604 0.005159 0.00607093 0.00703876 0.00804669 0.0090766 0.0101085 0.011121 0.0120919 0.0129991 0.0138206 0.0145355 0.0151246 0.0155708 0.0158598 0.0159803 0.0159247 0.015689 0.0152736 0.014683 0.0139259 0.0130155 0.0119688 0.0108069 0.0095545 0.00823923 0.00689158 0.00554411 0.00423094 0.00298708 0.00184774 0.000847675 2.04987e-05 0.00060202 0.000990579 0.00111894 0.000964473 0.00050857 
0.000258457 0.000528319 0.000834742 0.00120589 0.00167013 0.00225386 0.00297999 0.0038666 0.00492608 0.00616447 0.00758104 0.00916817 0.0109114 0.0127898 0.0147763 0.0168386 0.0189396 0.0210388 0.0230929 0.0250575 0.0268877 0.0285396 0.0299716 0.0311453 0.0320268 0.0325877 0.032806 0.0326668 0.032163 0.0312957 0.0300745 0.0285177 0.0266521 0.0245126 0.022142 0.01959 0.0169127 0.0141716 0.0114322 0.0087631 0.0062347 0.00391766 0.00188167 0.000193999 0.00108179 0.00188719 0.00216993 0.00188509 0.000996009 
0.000422382 0.000866664 0.00137287 0.00198391 0.00274204 0.0036861 0.00484928 0.0062574 0.00792757 0.00986733 0.0120741 0.0145349 0.0172268 0.0201169 0.0231635 0.0263171 0.0295213 0.0327145 0.0358315 0.0388051 0.0415678 0.0440538 0.0462008 0.0479517 0.0492559 0.0500714 0.0503658 0.0501176 0.0493168 0.047966 0.0460806 0.0436887 0.0408313 0.0375617 0.0339448 0.0300559 0.0259798 0.0218091 0.0176428 0.013584 0.00973847 0.00621243 0.00311042 0.000533291 0.00142385 0.00267355 0.00313789 0.00275009 0.001456 
0.000617152 0.00126791 0.00200832 0.00289648 0.00398858 0.00533552 0.00698025 0.00895559 0.0112826 0.0139695 0.0170111 0.0203882 0.0240686 0.028007 0.0321466 0.0364199 0.040751 0.045057 0.0492505 0.0532416 0.0569403 0.0602592 0.0631154 0.0654331 0.0671459 0.0681984 0.0685484 0.0681679 0.0670449 0.0651838 0.0626061 0.0593504 0.0554722 0.0510435 0.0461516 0.0408975 0.0353951 0.029768 0.0241486 0.0186747 0.0134872 0.00872767 0.00453528 0.00104412 0.00161948 0.00333957 0.004013 0.00355165 0.00188439 
0.000845289 0.00173645 0.0027463 0.00394851 0.00541315 0.00720291 0.00936998 0.0119536 0.014978 0.0184516 0.0223655 0.0266941 0.0313951 0.0364104 0.0416673 0.0470807 0.0525544 0.0579845 0.0632613 0.0682722 0.072905 0.0770508 0.0806066 0.0834785 0.0855843 0.0868559 0.0872417 0.086708 0.0852408 0.082847 0.0795544 0.0754125 0.0704916 0.0648826 0.0586952 0.0520565 0.0451088 0.0380074 0.0309174 0.024011 0.0174642 0.0114535 0.00615205 0.00172692 0.00166492 0.00387951 0.00478902 0.00428452 0.0022784 
0.00110762 0.00227349 0.00358775 0.0051398 0.00701351 0.00928303 0.0120094 0.0152375 0.0189945 0.0232879 0.0281052 0.0334132 0.0391594 0.0452724 0.0516635 0.0582295 0.0648543 0.0714127 0.0777727 0.0837998 0.0893595 0.0943219 0.0985643 0.101975 0.104457 0.10593 0.106333 0.105627 0.103797 0.100852 0.096827 0.0917825 0.085804 0.0790009 0.0715056 0.063471 0.0550679 0.0464825 0.0379127 0.0295645 0.0216485 0.0143755 0.0079523 0.00257806 0.0015601 0.00429086 0.00546231 0.00494526 0.00263615 
0.00140368 0.00287786 0.00453025 0.00646606 0.00878277 0.0115656 0.014884 0.0187882 0.0233074 0.028448 0.0341929 0.0405014 0.0473101 0.0545342 0.0620689 0.0697928 0.07757 0.085254 0.0926913 0.0997251 0.1062 0.111964 0.116877 0.12081 0.12365 0.125305 0.125707 0.124812 0.122603 0.119093 0.114324 0.108366 0.101321 0.0933179 0.0845101 0.0750764 0.0652159 0.0551453 0.0450946 0.0353033 0.0260156 0.0174759 0.00992412 0.00359072 0.00130784 0.00457358 0.00603117 0.00553178 0.00295646 
0.001732 0.00354642 0.00556868 0.00791965 0.0107102 0.0140363 0.0179752 0.022582 0.0278876 0.0338965 0.0405869 0.0479101 0.0557917 0.0641331 0.0728137 0.0816937 0.0906177 0.0994183 0.107921 0.115946 0.123319 0.129867 0.135432 0.139866 0.143045 0.144865 0.14525 0.14415 0.14155 0.137464 0.131942 0.125067 0.116954 0.107751 0.0976335 0.0868055 0.0754938 0.0639449 0.0524204 0.0411923 0.0305377 0.020734 0.0120529 0.00475547 0.000913287 0.00472958 0.00649545 0.00604309 0.00323869 
0.00209032 0.00427453 0.00669569 0.00949016 0.0127818 0.016677 0.0212603 0.0265912 0.0327016 0.0395941 0.0472415 0.0555869 0.0645449 0.074003 0.0838246 0.0938522 0.103911 0.113813 0.123362 0.13236 0.140609 0.14792 0.154113 0.159028 0.162526 0.164492 0.164843 0.163526 0.160524 0.155857 0.14958 0.141788 0.132612 0.122216 0.110799 0.0985892 0.0858404 0.0728283 0.059845 0.0471942 0.035185 0.0241266 0.0143216 0.00606081 0.000383462 0.00476242 0.00685629 0.00647905 0.00348265 
0.00247572 0.00505627 0.00790216 0.0111649 0.0149811 0.0194669 0.0247137 0.0307848 0.0377129 0.0454981 0.0541076 0.0634763 0.0735072 0.0840745 0.0950257 0.106186 0.11736 0.128342 0.138916 0.148861 0.157961 0.166007 0.172805 0.178177 0.181972 0.184066 0.184369 0.182823 0.179413 0.174162 0.167132 0.15843 0.1482 0.136626 0.123928 0.110357 0.0961929 0.0817405 0.0673214 0.0532697 0.0399255 0.0276286 0.0167116 0.00749342 0.000273007 0.00467699 0.00711591 0.0068403 0.00368855 
0.00288476 0.00588468 0.00917746 0.0129294 0.0172892 0.0223824 0.0283068 0.035129 0.0428818 0.0515628 0.0611333 0.0715195 0.0826134 0.0942757 0.106338 0.118609 0.130875 0.14291 0.154478 0.165341 0.175262 0.184016 0.19139 0.197194 0.201265 0.203469 0.203709 0.201926 0.198104 0.19227 0.184494 0.174893 0.163627 0.150896 0.136941 0.122036 0.106487 0.0906251 0.0748009 0.0593778 0.0447257 0.0312134 0.0192024 0.00903855 0.00104615 0.00447938 0.00727747 0.00712813 0.0038569 
0.00331356 0.00675198 0.0105098 0.0147675 0.0196856 0.0253981 0.0320089 0.0395875 0.0481663 0.0577399 0.0682638 0.0796555 0.0917959 0.104532 0.117682 0.131035 0.144362 0.157417 0.169946 0.181692 0.192401 0.201829 0.20975 0.21596 0.220284 0.22258 0.222745 0.220717 0.216482 0.21007 0.20156 0.191078 0.178798 0.164937 0.149757 0.133553 0.116657 0.0994245 0.0822339 0.0654765 0.0495506 0.034853 0.0217722 0.0106802 0.00192484 0.00417666 0.00734495 0.00734442 0.00398851 
0.00375789 0.00764969 0.0118862 0.0166619 0.0221479 0.0284868 0.0357876 0.044122 0.0535223 0.0639794 0.0754427 0.0878213 0.100985 0.114768 0.128973 0.143375 0.157726 0.171763 0.185215 0.197805 0.209264 0.219332 0.227768 0.234355 0.238908 0.241278 0.241357 0.23908 0.234434 0.227453 0.218224 0.206883 0.193618 0.178663 0.162296 0.144837 0.126637 0.108081 0.0895697 0.0715226 0.0543643 0.0385183 0.0243985 0.0124012 0.00289695 0.00377681 0.00732306 0.00749157 0.00408449 
0.00421324 0.00856881 0.0132933 0.0185941 0.024653 0.0316199 0.0396087 0.048693 0.058904 0.0702292 0.0826118 0.0959523 0.11011 0.124907 0.14013 0.15554 0.170873 0.185849 0.200179 0.213571 0.225739 0.236408 0.245324 0.25226 0.257019 0.259445 0.259427 0.256899 0.251847 0.24431 0.234382 0.22221 0.207994 0.191984 0.174477 0.155812 0.136362 0.116535 0.0967573 0.0774724 0.0591304 0.0421794 0.0270575 0.0141836 0.00394952 0.00328857 0.00721717 0.00757244 0.00414615 
0.00467491 0.0094999 0.0147167 0.0205451 0.0271765 0.0347679 0.0434372 0.0532594 0.0642646 0.0764363 0.0897118 0.103983 0.119099 0.134869 0.151067 0.16744 0.183707 0.199573 0.214733 0.22888 0.241712 0.252942 0.262302 0.269555 0.274496 0.276963 0.276839 0.274058 0.268607 0.260531 0.24993 0.23696 0.221834 0.204816 0.186221 0.166406 0.145766 0.124729 0.103746 0.083282 0.0638116 0.0458059 0.029725 0.0160089 0.00506887 0.00272136 0.00703319 0.00759034 0.00417503 
0.00513802 0.0104332 0.0161417 0.0224951 0.0296935 0.0379004 0.047237 0.0577795 0.0695563 0.082547 0.0966826 0.111847 0.127879 0.144576 0.161701 0.178984 0.196132 0.212834 0.228772 0.243623 0.257072 0.268819 0.278585 0.286124 0.291222 0.293713 0.293476 0.290444 0.284606 0.276011 0.264765 0.251035 0.235045 0.217072 0.197448 0.176546 0.154783 0.132605 0.110483 0.0889072 0.0683709 0.049367 0.0323761 0.0178577 0.00624073 0.00208516 0.00677758 0.00754894 0.00417288 
0.0055976 0.0113589 0.0175536 0.024424 0.0321788 0.0409866 0.0509719 0.0622112 0.0747311 0.0885071 0.103464 0.119478 0.136378 0.153951 0.171946 0.190083 0.208054 0.225535 0.242193 0.257693 0.271708 0.283926 0.29406 0.301851 0.307083 0.309582 0.309225 0.305946 0.299735 0.290645 0.278788 0.264341 0.247537 0.228669 0.20808 0.186163 0.163349 0.140104 0.11692 0.0943043 0.0727709 0.0528317 0.034986 0.0197105 0.00745038 0.00139044 0.00645721 0.00745226 0.0041416 
0.00604864 0.0122669 0.0189371 0.0263118 0.0346068 0.0439957 0.0546053 0.0665121 0.0797407 0.0942624 0.109996 0.12681 0.144523 0.162914 0.181721 0.200649 0.219379 0.237576 0.254893 0.270985 0.285513 0.298154 0.308613 0.316624 0.321965 0.324457 0.323977 0.320456 0.313889 0.30433 0.291901 0.276784 0.259224 0.239524 0.218042 0.195185 0.171401 0.147172 0.123006 0.0994301 0.0769748 0.0561693 0.0375294 0.0215475 0.00868274 0.000648062 0.00607935 0.00730462 0.00408327 
0.00648613 0.0131472 0.0202773 0.0281381 0.0369521 0.0468967 0.0581007 0.0706403 0.0845374 0.0997593 0.116219 0.133777 0.152245 0.171391 0.190942 0.210594 0.230016 0.248862 0.266774 0.283396 0.29838 0.311395 0.322137 0.330334 0.335759 0.33823 0.337623 0.333869 0.326965 0.31697 0.304009 0.288275 0.27002 0.249558 0.227261 0.203546 0.178878 0.153752 0.128693 0.104242 0.0809462 0.0593492 0.0399813 0.0233486 0.00992252 0.000130823 0.00565157 0.0071106 0.00400009 
0.0069051 0.0139899 0.0215593 0.0298832 0.0391895 0.0496593 0.0614224 0.0745542 0.089074 0.104945 0.122074 0.140315 0.159473 0.179305 0.199529 0.219833 0.239875 0.259299 0.277738 0.294827 0.310209 0.323545 0.334526 0.342875 0.34836 0.350797 0.350061 0.346085 0.338866 0.328468 0.315022 0.298726 0.279843 0.258696 0.235665 0.211181 0.18572 0.159792 0.133934 0.108699 0.0846495 0.0623413 0.042317 0.025094 0.0111543 0.000934851 0.00518168 0.00687499 0.00389438 
0.00730071 0.0147853 0.0227685 0.0315273 0.0412945 0.0522536 0.0645351 0.0782132 0.0933045 0.109768 0.127505 0.146363 0.166139 0.186583 0.207406 0.228284 0.24887 0.268797 0.287692 0.30518 0.320899 0.334504 0.345679 0.354145 0.359666 0.362057 0.361193 0.357006 0.349497 0.338734 0.324853 0.308057 0.288616 0.266863 0.243186 0.218027 0.191871 0.16524 0.138682 0.112761 0.0880502 0.0651164 0.044512 0.026764 0.0123627 0.00175254 0.00467768 0.00660276 0.00376855 
0.00766822 0.015524 0.0238908 0.0330516 0.043243 0.0546506 0.0674047 0.081578 0.0971841 0.114178 0.132455 0.151859 0.172178 0.193156 0.214496 0.235869 0.256918 0.27727 0.296545 0.314364 0.330357 0.344176 0.3555 0.364048 0.369581 0.371916 0.370924 0.366541 0.358771 0.347683 0.333419 0.316188 0.296266 0.273991 0.249761 0.224025 0.197278 0.170048 0.142894 0.11639 0.0911151 0.0676459 0.0465427 0.0283392 0.0135325 0.00257239 0.00414768 0.00629902 0.0036251 
0.00800311 0.016197 0.0249125 0.0344377 0.0450122 0.0568225 0.0699984 0.0846108 0.10067 0.118127 0.136873 0.156745 0.177526 0.198955 0.220729 0.24251 0.263938 0.284635 0.304214 0.322291 0.338495 0.352471 0.363899 0.372493 0.378016 0.380283 0.379167 0.374605 0.366603 0.355235 0.340645 0.323047 0.302722 0.280015 0.255329 0.22912 0.201888 0.17417 0.14653 0.119549 0.0938123 0.0699028 0.048386 0.0298009 0.0146487 0.00338295 0.00359986 0.00596896 0.00346657 
0.00830106 0.0167956 0.0258207 0.0356683 0.04658 0.0587427 0.072285 0.0872754 0.103721 0.121569 0.140707 0.160966 0.182126 0.203918 0.226036 0.248138 0.269858 0.290815 0.310618 0.32888 0.345228 0.359305 0.37079 0.379396 0.384886 0.387076 0.38584 0.381118 0.372917 0.361315 0.346458 0.328566 0.307922 0.284876 0.259835 0.23326 0.205655 0.177563 0.149551 0.122204 0.0961118 0.071861 0.05002 0.0311306 0.0156965 0.00417293 0.00304234 0.00561782 0.00329552 
0.00855804 0.0173117 0.0266031 0.036727 0.0479259 0.0603862 0.0742349 0.0895379 0.106299 0.124463 0.143911 0.164471 0.18592 0.207985 0.230354 0.252685 0.274607 0.295737 0.315682 0.334055 0.350479 0.3646 0.376094 0.384678 0.390113 0.392218 0.390869 0.386007 0.377642 0.365855 0.350795 0.332682 0.311806 0.288517 0.263227 0.236397 0.208536 0.180187 0.15192 0.124323 0.0979855 0.073496 0.0514237 0.0323111 0.0166619 0.00493132 0.0024832 0.00525084 0.00311454 
0.00877031 0.017738 0.0272487 0.0375988 0.0490308 0.0617299 0.0758209 0.0913669 0.108369 0.126766 0.146439 0.167212 0.188857 0.211099 0.233625 0.256089 0.278121 0.299334 0.319339 0.337745 0.354178 0.368284 0.379741 0.388268 0.393627 0.39564 0.394185 0.389206 0.380715 0.368793 0.353595 0.335341 0.314322 0.290891 0.265458 0.238489 0.21049 0.182006 0.153606 0.125876 0.0994074 0.0747851 0.0525777 0.0333257 0.0175312 0.0056474 0.00193035 0.00487323 0.00292619 
0.00893447 0.0180675 0.027747 0.0382698 0.0498772 0.0627526 0.0770179 0.0927333 0.109897 0.128444 0.148253 0.169144 0.190889 0.21321 0.235794 0.258295 0.28034 0.301547 0.321525 0.339887 0.35626 0.370293 0.381667 0.390102 0.395366 0.397281 0.395729 0.390656 0.382078 0.370077 0.354808 0.336493 0.315424 0.291952 0.266489 0.239498 0.211484 0.182988 0.154579 0.126838 0.100354 0.0757075 0.0534636 0.034159 0.0182916 0.00631092 0.00139146 0.0044901 0.00273302 
0.00904751 0.0182943 0.0280891 0.0387276 0.0504496 0.0634352 0.0778035 0.0936113 0.110853 0.129463 0.149314 0.170229 0.191974 0.214274 0.236815 0.259251 0.281214 0.302322 0.322187 0.340426 0.35667 0.370571 0.381815 0.390125 0.395273 0.397086 0.395448 0.390308 0.381683 0.369658 0.354388 0.336096 0.315071 0.291664 0.266284 0.239391 0.211486 0.183106 0.154813 0.127185 0.100804 0.0762443 0.0540651 0.0347967 0.0189311 0.00691212 0.000873936 0.00410643 0.00253749 
0.00910683 0.0184131 0.0282668 0.0389616 0.0507341 0.0637611 0.0781579 0.0939779 0.111213 0.129793 0.149593 0.17043 0.192074 0.214249 0.236644 0.258914 0.280696 0.301612 0.321277 0.339314 0.355359 0.36907 0.380137 0.38829 0.393304 0.395011 0.393299 0.388119 0.379491 0.367499 0.3523 0.334115 0.31323 0.289996 0.264814 0.238141 0.210471 0.182335 0.154287 0.126898 0.100739 0.076379 0.0543672 0.0352257 0.0194385 0.00744188 0.000384828 0.00372703 0.00234202 
0.00911027 0.0184197 0.0282737 0.0389628 0.0507195 0.0637162 0.0780643 0.0938136 0.110953 0.129411 0.149059 0.169718 0.191157 0.213102 0.235245 0.257247 0.278749 0.299376 0.318754 0.33651 0.352286 0.365749 0.376594 0.384557 0.389421 0.39102 0.389247 0.384056 0.375468 0.363569 0.348514 0.330522 0.309877 0.286922 0.262056 0.235726 0.208419 0.180656 0.152983 0.125958 0.100144 0.0760975 0.0543572 0.0354346 0.0198039 0.00789175 6.92479e-05 0.00335648 0.00214887 
0.00905616 0.0183104 0.0281045 0.038724 0.0503963 0.0632891 0.0775091 0.0931025 0.110055 0.128295 0.147693 0.168069 0.189196 0.210805 0.23259 0.25422 0.275339 0.295585 0.314586 0.331982 0.347421 0.360577 0.371156 0.378899 0.383595 0.385085 0.383265 0.378094 0.369592 0.357846 0.343009 0.325298 0.304992 0.282427 0.257994 0.23213 0.205314 0.178056 0.150887 0.124354 0.0990068 0.0753881 0.054024 0.0354134 0.0200182 0.00825409 0.000482162 0.0029991 0.00196024 
0.00894333 0.0180831 0.0277555 0.03824 0.0497579 0.0624712 0.0764819 0.0918323 0.108506 0.126429 0.145474 0.165463 0.186172 0.207336 0.228656 0.249808 0.270445 0.290213 0.308751 0.325707 0.34074 0.353533 0.363801 0.371294 0.375808 0.377189 0.375338 0.370217 0.361847 0.350317 0.335774 0.318432 0.298564 0.276498 0.252616 0.227345 0.201149 0.174525 0.14799 0.122076 0.0973178 0.0742418 0.0533591 0.0351537 0.0200738 0.00852212 0.000848346 0.00265888 0.00177814 
0.00877114 0.0177363 0.0272245 0.0375076 0.0487999 0.061257 0.0749758 0.0899948 0.106295 0.123803 0.142393 0.161888 0.18207 0.20268 0.223427 0.243996 0.26405 0.283245 0.301233 0.31767 0.332229 0.344604 0.354519 0.361733 0.36605 0.367323 0.365458 0.360419 0.35223 0.340976 0.326804 0.30992 0.29059 0.269134 0.245922 0.221366 0.195918 0.170058 0.144287 0.11912 0.0950716 0.0726526 0.052356 0.0346491 0.0199643 0.00869003 0.00116286 0.00233946 0.0016044 
0.00853952 0.0172699 0.0265109 0.0365259 0.0475207 0.0596442 0.0729876 0.0875857 0.103418 0.120411 0.13844 0.157335 0.176881 0.196828 0.216895 0.236776 0.256147 0.274675 0.292024 0.307866 0.321885 0.333787 0.343306 0.350213 0.354321 0.355488 0.353627 0.348704 0.340744 0.329829 0.316103 0.299767 0.281076 0.260339 0.237914 0.214197 0.189625 0.164658 0.139779 0.115483 0.092266 0.0706172 0.0510107 0.0338951 0.0196851 0.00875305 0.00142146 0.00204407 0.00144069 
0.00824902 0.0166847 0.0256161 0.035296 0.0459215 0.0576334 0.0705175 0.0846049 0.0998738 0.116251 0.133616 0.151802 0.170604 0.18978 0.209059 0.228148 0.246735 0.264503 0.281129 0.296299 0.309712 0.321087 0.33017 0.336745 0.340631 0.341697 0.339858 0.335085 0.327402 0.31689 0.303687 0.287986 0.270033 0.250125 0.228602 0.205848 0.182276 0.15833 0.134471 0.11117 0.0889025 0.0681357 0.0493219 0.0328891 0.0192327 0.00870757 0.00162068 0.00177545 0.00128842 
0.00790078 0.0159829 0.0245429 0.0338217 0.0440061 0.0552289 0.0675698 0.0810567 0.0956666 0.111328 0.127924 0.145296 0.163245 0.181541 0.199925 0.218118 0.235824 0.252739 0.268557 0.282981 0.295724 0.30652 0.31513 0.321346 0.325001 0.325969 0.324172 0.319583 0.312227 0.30218 0.289576 0.274599 0.257483 0.23851 0.218006 0.196333 0.173887 0.151087 0.128371 0.106187 0.0849862 0.0652111 0.0472908 0.0316307 0.0186056 0.00855121 0.00175791 0.00153585 0.00114877 
0.00749662 0.0151681 0.0232963 0.0321089 0.0417815 0.0524382 0.0641527 0.0769496 0.0908054 0.105651 0.121375 0.137826 0.154815 0.172124 0.189508 0.206703 0.22343 0.239401 0.25433 0.267935 0.279946 0.290113 0.298211 0.304046 0.30746 0.308336 0.306602 0.302232 0.295251 0.285732 0.273803 0.259636 0.243454 0.225523 0.20615 0.185677 0.164477 0.142945 0.121494 0.100547 0.0805262 0.0618499 0.0449213 0.0301219 0.0178039 0.00828294 0.00183146 0.00132691 0.00102262 
0.00703905 0.0142451 0.021883 0.0301661 0.0392576 0.0492724 0.0602782 0.0722965 0.0853042 0.0992356 0.113985 0.129409 0.145332 0.161548 0.177829 0.193926 0.209578 0.224518 0.238477 0.251191 0.26241 0.2719 0.279451 0.284882 0.288048 0.288839 0.287188 0.283072 0.276515 0.267587 0.256406 0.243135 0.227982 0.211197 0.193065 0.173908 0.154072 0.133928 0.113861 0.0942653 0.0755356 0.0580618 0.0422203 0.0283669 0.0168298 0.00790317 0.0018407 0.00114966 0.000910533 
0.00653133 0.01322 0.0203121 0.0280044 0.0364474 0.0457462 0.0559624 0.0671151 0.0791818 0.0921012 0.105774 0.120069 0.134821 0.149841 0.164916 0.179817 0.194303 0.208125 0.221035 0.23279 0.243159 0.251925 0.258896 0.263904 0.266814 0.267527 0.265981 0.262154 0.25607 0.247794 0.237435 0.225144 0.211113 0.195574 0.178792 0.161062 0.142705 0.124065 0.105496 0.0873631 0.0700312 0.0538603 0.0391979 0.0263726 0.0156874 0.00741391 0.0017861 0.00100436 0.000812726 
0.0059775 0.0121007 0.0185944 0.0256378 0.0333671 0.0418778 0.0512255 0.0614271 0.0724619 0.0842736 0.0967718 0.109835 0.123315 0.137037 0.150807 0.164417 0.177645 0.190265 0.202052 0.212782 0.222245 0.230244 0.236602 0.241168 0.243818 0.244461 0.24304 0.239539 0.233976 0.226411 0.216945 0.205716 0.192898 0.178704 0.163375 0.14718 0.130414 0.113389 0.0964283 0.0798658 0.0640342 0.0492622 0.0358669 0.0241483 0.0143831 0.00681887 0.00166943 0.000890481 0.000728992 
0.0053825 0.0108966 0.0167434 0.0230827 0.0300361 0.0376891 0.0460916 0.0552589 0.065173 0.0757835 0.0870099 0.0987436 0.110851 0.123176 0.135545 0.147771 0.159654 0.170993 0.181583 0.191225 0.199729 0.206919 0.212635 0.216741 0.219126 0.219708 0.218437 0.215294 0.2103 0.203506 0.195003 0.184914 0.173398 0.160643 0.146867 0.132312 0.117243 0.101939 0.0866928 0.0718032 0.0575698 0.0442882 0.0322438 0.0217065 0.0129254 0.0061237 0.00149387 0.000806523 0.000658653 
0.0047522 0.00961883 0.0147747 0.0203587 0.0264773 0.0332058 0.0405889 0.0486414 0.0573484 0.0666671 0.0765276 0.0868355 0.097474 0.108307 0.119182 0.129934 0.140388 0.150367 0.159692 0.168185 0.175681 0.182022 0.187069 0.1907 0.192817 0.193348 0.192247 0.189499 0.185119 0.179153 0.17168 0.162809 0.152678 0.141453 0.129327 0.116512 0.10324 0.0897604 0.076329 0.0632097 0.0506674 0.0389628 0.0283483 0.0190624 0.0113258 0.00533615 0.00126424 0.000749897 0.00060047 
0.00409362 0.00828062 0.0127066 0.0174883 0.0227165 0.028457 0.0347497 0.0416095 0.0490262 0.0569652 0.0653689 0.0741582 0.0832349 0.0924835 0.101774 0.110967 0.119913 0.128459 0.136451 0.143739 0.150178 0.155634 0.159986 0.163128 0.164976 0.165466 0.164558 0.162238 0.158517 0.153435 0.147057 0.139477 0.130812 0.121205 0.11082 0.0998392 0.0884629 0.0769031 0.0653814 0.0541245 0.0433605 0.0333143 0.0242036 0.0162346 0.00959839 0.00446638 0.000987245 0.000716693 0.000552525 
0.0034151 0.00689741 0.0105602 0.0144971 0.0187835 0.0234756 0.02861 0.0342027 0.0402489 0.0467238 0.0535833 0.0607651 0.0681906 0.0757666 0.083388 0.0909397 0.0982999 0.105342 0.11194 0.117969 0.123307 0.127844 0.131477 0.134119 0.135697 0.136157 0.135464 0.133605 0.130587 0.126442 0.121222 0.115003 0.107882 0.0999747 0.0914175 0.082361 0.0729705 0.063422 0.0538992 0.044591 0.035687 0.0273749 0.0198367 0.0132451 0.00776039 0.00352732 0.000671879 0.000701373 0.000512039 
0.00272671 0.00548736 0.00835991 0.0114143 0.0147109 0.0182981 0.0222098 0.0264641 0.0310634 0.0359936 0.0412253 0.0467145 0.0524036 0.0582232 0.0640936 0.069927 0.0756292 0.0811025 0.0862474 0.0909658 0.0951624 0.0987483 0.101642 0.103773 0.105081 0.105522 0.105067 0.103701 0.101428 0.0982708 0.094268 0.0894771 0.0839723 0.0778436 0.0711963 0.0641483 0.056829 0.0493767 0.0419363 0.0346568 0.0276887 0.0211809 0.0152784 0.0101194 0.00583262 0.00253514 0.000329908 0.000696308 0.000475096 
0.00204076 0.00407189 0.00613329 0.008272 0.0105352 0.0129645 0.0155925 0.0184412 0.0215208 0.0248296 0.0283542 0.0320701 0.0359422 0.0399259 0.0439686 0.0480106 0.0519869 0.0558291 0.0594663 0.062828 0.0658449 0.0684514 0.0705869 0.0721976 0.073238 0.0736723 0.0734753 0.0726337 0.0711466 0.0690258 0.0662965 0.0629965 0.0591766 0.0548993 0.0502383 0.0452774 0.0401087 0.0348315 0.0295507 0.0243742 0.0194118 0.0147727 0.0105637 0.00688731 0.00383986 0.00150987 2.33635e-05 0.000691041 0.000436161 
0.0013729 0.00267648 0.00391192 0.00510623 0.00629588 0.00751785 0.00880516 0.0101847 0.0116761 0.0132912 0.0150339 0.0169005 0.0188796 0.0209529 0.0230959 0.0252784 0.0274656 0.0296192 0.0316982 0.0336603 0.0354628 0.0370642 0.0384249 0.0395086 0.0402833 0.0407224 0.0408052 0.040518 0.0398545 0.0388163 0.0374132 0.0356631 0.0335921 0.0312341 0.0286304 0.0258291 0.0228843 0.019855 0.0168046 0.013799 0.0109062 0.00819442 0.00573136 0.00358272 0.00181132 0.000476173 0.000368023 0.000671083 0.000387186 
0.000743934 0.00133186 0.00173156 0.00195633 0.00203579 0.00200463 0.00189792 0.00174892 0.00158795 0.00144162 0.0013325 0.00127875 0.00129406 0.00138759 0.00156406 0.00182391 0.0021636 0.00257591 0.00305038 0.00357379 0.00413069 0.00470398 0.0052755 0.00582662 0.00633893 0.00679474 0.00717771 0.00747339 0.00766963 0.00775707 0.00772945 0.00758385 0.00732089 0.00694486 0.00646362 0.00588861 0.00523461 0.00451951 0.00376397 0.00299102 0.00222565 0.00149429 0.000824377 0.000243914 0.00021889 0.000535742 0.000678025 0.000615832 0.000315744 
0.000183443 7.53795e-05 0.000367612 0.00113504 0.00219945 0.00352607 0.00507618 0.00680879 0.00868168 0.0106522 0.0126781 0.0147179 0.0167318 0.018682 0.0205335 0.0222542 0.0238154 0.0251924 0.0263644 0.0273147 0.0280313 0.0285062 0.028736 0.0287216 0.0284678 0.0279833 0.0272805 0.026375 0.0252853 0.0240323 0.022639 0.0211299 0.0195306 0.0178676 0.0161671 0.0144555 0.012758 0.0110992 0.00950175 0.00798663 0.00657262 0.00527602 0.00411043 0.00308646 0.0022115 0.00148929 0.000919248 0.000495004 0.000200627 
