0.000329172 0.000718578 0.00128234 0.00213174 0.00335408 0.00499943 0.0070731 0.00953319 0.0122924 0.0152241 0.0181712 0.0209578 0.0234024 0.0253323 0.0265964 0.0270789 0.0267087 0.0254681 0.023397 0.0205939 0.0172132 0.013459 0.00957516 0.00583329 0.00251809 8.82379e-05 0.00172197 0.00215314 0.00119921 
0.00077671 0.00170821 0.00302923 0.00495669 0.00765424 0.0112087 0.015617 0.0207821 0.0265178 0.0325612 0.0385912 0.0442516 0.0491781 0.0530257 0.055496 0.056362 0.0554885 0.0528473 0.048526 0.0427295 0.0357739 0.0280735 0.0201212 0.012464 0.00567322 0.000313733 0.00308826 0.00407586 0.00228897 
0.00137895 0.00302134 0.00528811 0.00849851 0.0128844 0.0185592 0.0255007 0.0335472 0.0424058 0.0516717 0.0608563 0.0694227 0.0768251 0.08255 0.0861564 0.0873124 0.0858249 0.081662 0.0749648 0.0660494 0.055397 0.0436344 0.0315039 0.0198264 0.00945722 0.00123979 0.00404246 0.00571168 0.00323678 
0.00214498 0.00466646 0.00805382 0.012725 0.0189732 0.0269299 0.036546 0.0475882 0.0596523 0.0721889 0.0845425 0.0959975 0.105831 0.113367 0.118029 0.119386 0.117195 0.111424 0.102274 0.0901732 0.075769 0.0598985 0.0435498 0.0278121 0.0138179 0.00268106 0.00456624 0.00703359 0.00402659 
0.00306685 0.00662241 0.0112835 0.0175623 0.0258062 0.0361582 0.0485356 0.0626294 0.0779217 0.0937197 0.109203 0.123484 0.135669 0.144926 0.150553 0.152028 0.149062 0.141632 0.129997 0.114701 0.096553 0.076596 0.0560564 0.0362823 0.0186725 0.00459981 0.00466607 0.00803288 0.00465201 
0.00412514 0.00884719 0.014907 0.0229048 0.0332358 0.0460477 0.0612198 0.0783649 0.0968517 0.115847 0.134372 0.151374 0.165797 0.176666 0.183158 0.184672 0.180881 0.171772 0.157666 0.139217 0.117394 0.0934373 0.0687996 0.0450755 0.0239158 0.00693778 0.00436578 0.00871352 0.0051132 
0.00529235 0.0112839 0.0188338 0.0286233 0.0410884 0.0563757 0.0743231 0.0944643 0.116058 0.138134 0.159566 0.179143 0.195661 0.208012 0.215266 0.216747 0.212099 0.201322 0.1848 0.163296 0.137926 0.110119 0.0815397 0.054014 0.0294266 0.00962152 0.00370215 0.00908898 0.00541518 
0.00653528 0.0138648 0.0229587 0.034571 0.0491712 0.0668998 0.0875506 0.11058 0.135138 0.160131 0.184289 0.20626 0.224703 0.238388 0.246292 0.247677 0.242159 0.229759 0.210919 0.186505 0.157775 0.126328 0.0940274 0.062909 0.0350719 0.0125663 0.00272199 0.00918029 0.00556688 
0.00781683 0.016515 0.0271662 0.0405887 0.0572781 0.0773637 0.100594 0.12635 0.153683 0.181379 0.208041 0.232189 0.25236 0.267219 0.275659 0.27689 0.270511 0.256561 0.235542 0.208414 0.176565 0.141749 0.106008 0.0715651 0.0407109 0.0156788 0.00147994 0.00901459 0.00558034 
0.00909747 0.0191547 0.0313346 0.04651 0.0651949 0.0875035 0.113139 0.14141 0.171277 0.201418 0.230324 0.2564 0.27808 0.293937 0.302796 0.303825 0.296613 0.281219 0.2582 0.228602 0.193928 0.156071 0.117227 0.079784 0.0461981 0.0188602 3.65797e-05 0.00862396 0.00547023 
0.0103365 0.0217021 0.0353395 0.0521652 0.0727046 0.0970533 0.12487 0.155396 0.187509 0.219795 0.250647 0.278374 0.301321 0.317991 0.327152 0.327942 0.319944 0.30324 0.278438 0.246659 0.209505 0.168988 0.127434 0.0873687 0.0513864 0.0220082 0.00154321 0.00804438 0.00525324 
0.0114934 0.0240758 0.0390566 0.0573857 0.0795923 0.10575 0.135475 0.16795 0.201979 0.236071 0.268537 0.29761 0.321568 0.338855 0.348202 0.348725 0.340009 0.322159 0.295826 0.262196 0.222955 0.180208 0.136387 0.0941272 0.0561304 0.0250192 0.00319193 0.00731471 0.00494767 
0.0125287 0.0261965 0.0423655 0.062008 0.0856499 0.113342 0.144658 0.178731 0.214305 0.249826 0.283546 0.313639 0.338333 0.356037 0.365455 0.365695 0.356348 0.337541 0.309963 0.274853 0.233958 0.189457 0.143858 0.0998764 0.0602895 0.0277911 0.00484101 0.0064757 0.0045729 
0.0134051 0.0279892 0.0451523 0.0658775 0.0906809 0.119588 0.152137 0.187417 0.224129 0.260673 0.295258 0.326023 0.351169 0.369083 0.378462 0.378414 0.36854 0.348992 0.320486 0.284301 0.242225 0.196485 0.149638 0.104445 0.0637302 0.0302251 0.00642247 0.00556894 0.00414888 
0.0140887 0.0293855 0.0473125 0.0688523 0.0945048 0.124269 0.157654 0.193716 0.231125 0.268256 0.303296 0.334371 0.359674 0.377591 0.386824 0.386493 0.376217 0.356165 0.327076 0.29025 0.247499 0.20107 0.153537 0.107679 0.0663295 0.0322282 0.0078705 0.00463587 0.00369567 
0.0145495 0.0303251 0.0487539 0.0708065 0.0969608 0.127191 0.160981 0.197367 0.235005 0.272264 0.307331 0.338341 0.363499 0.381211 0.390199 0.389604 0.379064 0.358765 0.32946 0.292455 0.249561 0.203019 0.155393 0.109442 0.0679777 0.0337151 0.00912307 0.00371668 0.00323288 
0.0147629 0.0307574 0.0493986 0.0716334 0.0979127 0.128186 0.161922 0.198148 0.235524 0.272433 0.307086 0.337647 0.362357 0.379658 0.388307 0.387477 0.376827 0.356558 0.327424 0.29072 0.248237 0.202181 0.155073 0.109621 0.0685807 0.0346106 0.0101235 0.00284932 0.00277916 
0.01471 0.0306437 0.0491861 0.0712487 0.0972512 0.127122 0.16032 0.195881 0.232487 0.268554 0.302342 0.332066 0.356024 0.372713 0.380939 0.379913 0.369321 0.349371 0.320808 0.284902 0.243398 0.19844 0.152475 0.108127 0.0680625 0.0348514 0.0108222 0.00206834 0.00235169 
0.0143787 0.0299583 0.0480747 0.0695931 0.0948981 0.1239 0.15606 0.190435 0.22575 0.260476 0.292943 0.321442 0.344348 0.36023 0.367957 0.366785 0.356428 0.337098 0.30952 0.274918 0.234968 0.191726 0.147535 0.1049 0.0663681 0.0343884 0.0111779 0.00140389 0.00196558 
0.0137643 0.0286899 0.0460442 0.0666346 0.0908084 0.118463 0.149072 0.181732 0.215227 0.24811 0.278801 0.305691 0.32725 0.342139 0.349299 0.348042 0.338107 0.319705 0.293529 0.260739 0.222921 0.182015 0.140224 0.09991 0.0634649 0.0331884 0.0111597 0.000880526 0.00163334 
0.0128704 0.0268434 0.0430969 0.0623707 0.0849731 0.110795 0.139335 0.169746 0.200893 0.231432 0.259897 0.2848 0.304729 0.318447 0.324984 0.323709 0.314389 0.297228 0.272873 0.242404 0.207289 0.169327 0.130557 0.0931597 0.0593455 0.0312361 0.0107482 0.000516023 0.00136423 
0.0117099 0.0244407 0.03926 0.05683 0.0774202 0.100922 0.126875 0.154506 0.182781 0.210483 0.236282 0.258832 0.276857 0.289241 0.295108 0.293892 0.285386 0.269779 0.24766 0.220009 0.188159 0.153736 0.118587 0.0846853 0.054029 0.0285361 0.00993775 0.000320059 0.0011636 
0.0103055 0.0215228 0.0345868 0.0500738 0.0682166 0.088918 0.111772 0.136098 0.16099 0.185373 0.20808 0.227927 0.243789 0.254686 0.259847 0.258772 0.251281 0.237538 0.218062 0.193716 0.165672 0.135362 0.104412 0.0745589 0.0475635 0.0251147 0.00873801 0.000292642 0.00103197 
0.00869124 0.0181506 0.0291578 0.0421967 0.0574685 0.0748991 0.0941545 0.114667 0.135676 0.156277 0.175485 0.192294 0.205753 0.215025 0.219453 0.218609 0.212332 0.200758 0.18432 0.163746 0.140026 0.114375 0.0881711 0.0628894 0.040027 0.0210224 0.00717652 0.000422138 0.000963989 
0.00691406 0.0144075 0.0230823 0.0333276 0.0453212 0.059027 0.0742009 0.0904094 0.107059 0.123437 0.138759 0.152219 0.163051 0.170576 0.174256 0.173734 0.16887 0.159758 0.146736 0.130378 0.111474 0.0909947 0.0700479 0.049823 0.0315302 0.0163364 0.00530154 0.00068257 0.000946779 
0.00503667 0.0104018 0.0164998 0.0236294 0.0319585 0.0415064 0.0521388 0.0635767 0.0754159 0.087155 0.0982299 0.108053 0.116055 0.121725 0.12465 0.124547 0.121288 0.114921 0.105673 0.0939485 0.0803168 0.0654851 0.0502673 0.035544 0.0222173 0.0111635 0.00318608 0.00102964 0.000957386 
0.00314217 0.00626987 0.00958084 0.0132986 0.0176012 0.0225832 0.0282407 0.0344704 0.0410775 0.047792 0.0542886 0.0602117 0.0652027 0.0689266 0.0710991 0.0715098 0.0700418 0.0666852 0.0615451 0.0548415 0.0469033 0.0381544 0.0290943 0.0202742 0.0122681 0.00564381 0.000933388 0.00139439 0.000958148 
0.00134264 0.00218093 0.0025274 0.00256383 0.00250437 0.0025413 0.0028219 0.00343855 0.00442593 0.00576329 0.0073807 0.00916849 0.0109891 0.0126906 0.0141209 0.0151413 0.0156399 0.0155417 0.0148171 0.0134869 0.0116237 0.00934956 0.00683127 0.00427147 0.00189845 4.55698e-05 0.00131563 0.00167275 0.000887353 
0.000204517 0.00165766 0.00442747 0.00831726 0.013046 0.0183013 0.0237647 0.0291288 0.0341118 0.038468 0.0419974 0.0445519 0.0460384 0.0464204 0.0457159 0.0439931 0.0413642 0.0379776 0.0340084 0.0296486 0.0250969 0.0205487 0.0161867 0.0121726 0.00863978 0.00568715 0.00337314 0.00170797 0.000637713 
