0 0 0 0 0 0 0 0 0 0 0 0 0 0 0 0 0 0 0 0 0 0 0 0 0 0 0 0 0 0 0 
0 0.00133108 0.00513932 0.0112484 0.0193745 0.0291394 0.0400879 0.0517096 0.0634624 0.0747977 0.0851863 0.0941428 0.101249 0.106171 0.10868 0.108656 0.1061 0.101129 0.0939731 0.084964 0.0745198 0.0631251 0.0513081 0.0396167 0.028592 0.0187434 0.0105248 0.00431334 0.000391481 -0.00106593 0 
0 0.00264849 0.0102223 0.0223708 0.0385295 0.0579464 0.0797168 0.102826 0.126195 0.148734 0.16939 0.187199 0.201328 0.211116 0.216104 0.216057 0.210975 0.20109 0.186862 0.168949 0.148182 0.125525 0.102028 0.0787809 0.0568592 0.0372759 0.0209334 0.00858156 0.000782026 -0.00211753 0 
0 0.00393877 0.0151931 0.0332424 0.057248 0.0860929 0.118433 0.152761 0.187475 0.220956 0.251641 0.278095 0.299083 0.313622 0.321032 0.320963 0.313413 0.298731 0.277595 0.250986 0.220138 0.186482 0.151579 0.117046 0.0844808 0.0553892 0.0311111 0.0127601 0.00117074 -0.00314062 0 
0 0.00518879 0.0199977 0.0437418 0.0753185 0.113258 0.155794 0.200944 0.246601 0.290635 0.33099 0.365782 0.393385 0.412508 0.422253 0.422162 0.412233 0.392923 0.365127 0.330132 0.289561 0.245298 0.199393 0.153974 0.111144 0.07288 0.0409457 0.0168055 0.00155681 -0.00412133 0 
0 0.00638595 0.0245836 0.053752 0.092537 0.139134 0.191374 0.246822 0.302892 0.356968 0.406526 0.449252 0.483149 0.506632 0.518599 0.518488 0.506295 0.482584 0.448449 0.405475 0.355654 0.301297 0.244924 0.189147 0.136547 0.0895526 0.0503297 0.0206762 0.00193953 -0.00504623 0 
0 0.00751838 0.0289015 0.063162 0.10871 0.163428 0.224768 0.289872 0.355704 0.419195 0.47738 0.527544 0.567341 0.594911 0.608962 0.608832 0.594518 0.56668 0.526606 0.476152 0.41766 0.353841 0.287654 0.222164 0.160403 0.105221 0.0591608 0.0243325 0.00231837 -0.00590251 0 
0 0.00857503 0.0329052 0.0718682 0.123657 0.185865 0.255596 0.329603 0.404436 0.476604 0.542742 0.59976 0.644996 0.676334 0.692305 0.692158 0.675889 0.644249 0.5987 0.541353 0.474869 0.402329 0.327095 0.252653 0.182444 0.119712 0.0673435 0.0277378 0.00269298 -0.00667808 0 
0 0.00954587 0.0365524 0.0797754 0.137212 0.206193 0.283511 0.365565 0.448532 0.528542 0.601864 0.665076 0.715225 0.749967 0.767673 0.767511 0.749477 0.714402 0.663908 0.600335 0.52663 0.446211 0.362803 0.280269 0.202426 0.132866 0.0747904 0.0308584 0.0030632 -0.00736172 0 
0 0.010422 0.0398054 0.0867983 0.149225 0.224188 0.308201 0.397354 0.487494 0.574419 0.654077 0.722749 0.777229 0.814972 0.834208 0.834033 0.814444 0.776342 0.721489 0.652427 0.572357 0.484991 0.394375 0.304705 0.220126 0.144539 0.0814228 0.0336645 0.00342911 -0.0079432 0 
0 0.0111958 0.0426312 0.0928626 0.159567 0.23965 0.32939 0.424613 0.520885 0.613719 0.69879 0.772127 0.830308 0.870614 0.891157 0.890972 0.870055 0.829368 0.770793 0.697043 0.611537 0.518235 0.42146 0.32569 0.23535 0.154607 0.0871724 0.0361299 0.00379102 -0.00841341 0 
0 0.011861 0.0450023 0.0979053 0.168127 0.252412 0.346847 0.447043 0.548334 0.646006 0.735505 0.812658 0.873866 0.916269 0.937882 0.937689 0.915686 0.872886 0.811268 0.733685 0.643732 0.545575 0.443759 0.342995 0.247935 0.162963 0.0919813 0.0382331 0.00414947 -0.00876447 0 
0 0.0124127 0.0468969 0.101876 0.174816 0.262339 0.360386 0.4644 0.569544 0.670925 0.763819 0.843897 0.907424 0.951434 0.973867 0.973669 0.950836 0.906418 0.84247 0.761951 0.668591 0.566713 0.461032 0.356435 0.257749 0.169522 0.0958031 0.0399567 0.00450515 -0.0089898 0 
0 0.0128476 0.0482988 0.104739 0.179569 0.269331 0.369865 0.476504 0.584291 0.688212 0.783431 0.86551 0.930624 0.975732 0.998726 0.998525 0.975126 0.929605 0.864065 0.78154 0.685851 0.581427 0.473098 0.365871 0.264693 0.174221 0.0986034 0.0412882 0.00485893 -0.00908427 0 
0 0.0131637 0.0491983 0.106468 0.182344 0.273323 0.375195 0.483236 0.592428 0.697697 0.794144 0.877279 0.943229 0.988917 1.01221 1.01201 0.988311 0.942211 0.875836 0.792256 0.69534 0.589571 0.47984 0.371214 0.268702 0.177017 0.10036 0.0422197 0.0052117 -0.00904432 0 
0 0.0133608 0.0495915 0.107055 0.183121 0.274285 0.376335 0.484543 0.593891 0.699299 0.795869 0.879106 0.945135 0.990877 1.0142 1.014 0.99028 0.944131 0.877683 0.794008 0.696978 0.591078 0.481203 0.372422 0.269746 0.177893 0.101063 0.042748 0.00556421 -0.00886799 0 
0 0.0134399 0.0494806 0.106503 0.181906 0.272225 0.373294 0.480438 0.588694 0.693039 0.788626 0.871013 0.936366 0.981639 1.00472 1.00453 0.981057 0.935388 0.869628 0.786817 0.690782 0.585963 0.477198 0.369502 0.267832 0.176851 0.100714 0.042874 0.00591693 -0.00855515 0 
0 0.0134033 0.0488736 0.104829 0.178729 0.267187 0.366133 0.470998 0.576933 0.679028 0.772546 0.853145 0.917077 0.961366 0.983947 0.983761 0.960806 0.916137 0.851815 0.77081 0.676865 0.574318 0.467901 0.362513 0.262999 0.173917 0.0993278 0.0426029 0.00626965 -0.00810763 0 
0 0.0132544 0.0477839 0.102063 0.17364 0.259249 0.35496 0.456367 0.558785 0.657476 0.747868 0.825767 0.887554 0.930358 0.952182 0.952005 0.929827 0.886663 0.824506 0.746225 0.655432 0.556318 0.453449 0.351559 0.255322 0.169139 0.0969279 0.0419428 0.00662109 -0.00752942 0 
0 0.0129973 0.0462294 0.0982458 0.166713 0.248523 0.339934 0.436747 0.534502 0.628685 0.714936 0.789261 0.848211 0.889048 0.909871 0.909706 0.888552 0.847378 0.788084 0.713404 0.626782 0.532212 0.434045 0.336792 0.244907 0.162582 0.0935488 0.0409045 0.00696821 -0.00682703 0 
0 0.0126365 0.0442319 0.0934289 0.158041 0.235153 0.321255 0.412405 0.504415 0.593045 0.674201 0.744128 0.799587 0.838004 0.857594 0.857442 0.837546 0.79882 0.743045 0.672794 0.591303 0.502323 0.409946 0.318406 0.231889 0.154331 0.0892321 0.0394993 0.0073053 -0.0060099 0 
0 0.012176 0.0418153 0.0876719 0.147733 0.219312 0.299168 0.383662 0.468924 0.551034 0.626209 0.690976 0.742339 0.777919 0.796062 0.795924 0.777503 0.741644 0.689997 0.62494 0.549466 0.467048 0.381466 0.296638 0.216432 0.144483 0.0840248 0.0377378 0.00762261 -0.00509107 0 
0 0.011618 0.0390034 0.0810394 0.135912 0.201194 0.273952 0.350889 0.428494 0.503211 0.571604 0.630522 0.677243 0.709606 0.72611 0.725987 0.709236 0.676625 0.629652 0.57048 0.501827 0.426846 0.348971 0.271759 0.198719 0.133148 0.0779759 0.0356266 0.00790442 -0.00408819 0 
0 0.0109619 0.0358174 0.0735968 0.12271 0.181015 0.245921 0.314504 0.383652 0.450207 0.511117 0.563582 0.605182 0.633996 0.648691 0.648584 0.633673 0.604643 0.562825 0.510142 0.449012 0.382237 0.31287 0.24407 0.178952 0.120441 0.0711314 0.0331643 0.00812608 -0.00302505 0 
0 0.0102014 0.0322705 0.0654043 0.108258 0.159002 0.215411 0.274966 0.33498 0.392725 0.445561 0.491064 0.527142 0.55213 0.564873 0.564782 0.551854 0.526683 0.490422 0.444737 0.39172 0.333798 0.273613 0.213897 0.157343 0.106476 0.0635281 0.0303365 0.00824961 -0.00193397 0 
0 0.0093202 0.0283613 0.0565087 0.0926821 0.135384 0.182775 0.232762 0.283106 0.331528 0.375824 0.413966 0.444205 0.465148 0.475829 0.475753 0.46492 0.443827 0.413438 0.375148 0.330709 0.28215 0.23168 0.181584 0.134109 0.0913575 0.0551854 0.0271064 0.00821684 -0.000859827 0 
0 0.00828532 0.0240627 0.0469302 0.076089 0.110385 0.148375 0.188405 0.228695 0.267434 0.302863 0.333365 0.357545 0.37429 0.38283 0.38277 0.37411 0.357245 0.332949 0.302332 0.266794 0.227955 0.187578 0.147482 0.109456 0.0751716 0.046093 0.0234037 0.00793839 0.000133093 0 
0 0.00703369 0.0193026 0.0366448 0.0585495 0.0842062 0.112568 0.14242 0.172448 0.201309 0.227697 0.250413 0.268418 0.280886 0.287245 0.2872 0.280752 0.268196 0.250104 0.227306 0.20084 0.171911 0.141827 0.111941 0.0835776 0.0579707 0.0361954 0.0191055 0.00727529 0.000948171 0 
0 0.00544501 0.0139317 0.0255564 0.0400796 0.0570148 0.0756971 0.0953401 0.115087 0.134059 0.151403 0.166331 0.178161 0.186354 0.190531 0.190502 0.186265 0.178015 0.166127 0.151146 0.133753 0.114738 0.0949598 0.0753031 0.0566353 0.0397601 0.025372 0.0140101 0.00600728 0.0014299 0 
0 0.00327813 0.00766752 0.0134602 0.0206169 0.0289278 0.0380795 0.0476931 0.0573527 0.0666306 0.0751104 0.0824081 0.0881913 0.0921956 0.0942374 0.0942227 0.0921515 0.0881184 0.0823072 0.0749831 0.0664794 0.0571813 0.047508 0.0378907 0.0287518 0.0204813 0.0134134 0.00780021 0.00377732 0.0013018 0 
0 0 0 0 0 0 0 0 0 0 0 0 0 0 0 0 0 0 0 0 0 0 0 0 0 0 0 0 0 0 0 