0 0 0 0 0 0 0 0 0 0 0 0 0 0 0 0 0 0 0 0 0 0 0 0 0 0 0 0 0 0 0 0 0 0 0 0 0 0 0 0 0 
0 0.000550891 0.00213227 0.00470368 0.008199 0.0125282 0.0175796 0.0232228 0.0293121 0.0356902 0.0421922 0.0486501 0.0548969 0.0607711 0.0661207 0.0708073 0.0747095 0.0777264 0.0797797 0.0808162 0.0808088 0.0797575 0.0776892 0.074657 0.0707391 0.0660363 0.0606699 0.054778 0.0485126 0.0420351 0.0355122 0.0291119 0.0229989 0.0173302 0.0122515 0.0078928 0.00436567 0.0017599 0.000141343 -0.000449791 0 
0 0.00109866 0.00425163 0.00937821 0.0163466 0.0249773 0.0350477 0.046298 0.0584375 0.0711526 0.0841149 0.0969891 0.109443 0.121153 0.131818 0.141161 0.14894 0.154954 0.159048 0.161114 0.161099 0.159004 0.15488 0.148835 0.141025 0.13165 0.120951 0.109206 0.0967153 0.0838019 0.0707981 0.0580387 0.0458519 0.034551 0.024426 0.0157365 0.00870475 0.00350968 0.000282638 -0.00089623 0 
0 0.00164022 0.00634522 0.0139946 0.0243918 0.0372689 0.0522939 0.069079 0.0871907 0.106161 0.1255 0.144708 0.163288 0.180759 0.19667 0.21061 0.222216 0.231189 0.237296 0.240379 0.240357 0.23723 0.231078 0.22206 0.210407 0.19642 0.180459 0.162935 0.1443 0.125034 0.105633 0.0865965 0.0684142 0.0515535 0.0364472 0.0234825 0.0129908 0.00523931 0.00042384 -0.00133598 0 
0 0.00217252 0.00840041 0.0185244 0.0322842 0.0493256 0.0692089 0.0914212 0.115389 0.140493 0.166084 0.191502 0.216089 0.239208 0.260263 0.278709 0.294067 0.305941 0.314023 0.318102 0.318073 0.313935 0.305795 0.293861 0.278441 0.259932 0.238811 0.215622 0.190963 0.165468 0.139795 0.114604 0.0905428 0.0682305 0.0482397 0.0310826 0.0171978 0.00693886 0.000564915 -0.00176576 0 
0 0.00269257 0.0104048 0.0229395 0.0399745 0.0610713 0.0856858 0.113183 0.142853 0.173929 0.205608 0.237072 0.267507 0.296126 0.322189 0.345022 0.364034 0.378732 0.388736 0.393786 0.39375 0.388628 0.378552 0.36378 0.344692 0.32178 0.295635 0.266931 0.236406 0.204846 0.173066 0.141882 0.112098 0.0844769 0.0597296 0.0384898 0.0213003 0.00859867 0.00070584 -0.00218232 0 
0 0.00319748 0.0123463 0.0272127 0.0474148 0.0724323 0.10162 0.134226 0.169407 0.206256 0.243819 0.281127 0.317215 0.351149 0.382053 0.409126 0.431668 0.449096 0.460958 0.466946 0.466903 0.460831 0.448883 0.431368 0.408735 0.381569 0.350569 0.316533 0.280339 0.242919 0.205236 0.16826 0.132942 0.10019 0.0708451 0.0456582 0.0252734 0.0102093 0.000846611 -0.00258252 0 
0 0.00368446 0.0142134 0.0313179 0.0545586 0.0833374 0.116912 0.154417 0.194885 0.237269 0.280475 0.323386 0.364894 0.403926 0.439471 0.47061 0.496538 0.516583 0.530226 0.537113 0.537065 0.53008 0.516339 0.496193 0.470162 0.438916 0.40326 0.364113 0.322483 0.279442 0.236099 0.193568 0.152945 0.115272 0.0815169 0.0525437 0.0290931 0.0117618 0.000987245 -0.00296328 0 
0 0.00415088 0.0159949 0.0352298 0.0613617 0.0937182 0.131465 0.17363 0.219123 0.266771 0.315342 0.363581 0.410243 0.454119 0.494077 0.529082 0.558228 0.580762 0.596098 0.60384 0.603786 0.595935 0.580488 0.557842 0.52858 0.493455 0.453374 0.409367 0.362569 0.314185 0.26546 0.217649 0.17198 0.129628 0.0916784 0.059104 0.0327367 0.0132474 0.00112778 -0.00332166 0 
0 0.00459423 0.0176804 0.0389247 0.0677821 0.10351 0.145188 0.191742 0.24197 0.294575 0.348199 0.401456 0.45297 0.50141 0.545523 0.584168 0.616346 0.641222 0.658154 0.666701 0.666641 0.657974 0.640921 0.61592 0.583616 0.54484 0.50059 0.452007 0.400343 0.346926 0.293133 0.240348 0.189928 0.143167 0.101267 0.0652989 0.0361825 0.0146579 0.0012683 -0.00365485 0 
0 0.00501217 0.01926 0.0423803 0.0737802 0.112652 0.157995 0.20864 0.26328 0.320505 0.378838 0.43677 0.492807 0.545498 0.593483 0.635519 0.67052 0.69758 0.715997 0.725295 0.72523 0.715802 0.697253 0.67006 0.634921 0.592743 0.54461 0.491764 0.435565 0.37746 0.318944 0.261524 0.206675 0.155807 0.110223 0.0710907 0.03941 0.0159858 0.00140888 -0.00396018 0 
0 0.00540257 0.0207246 0.0455758 0.0793195 0.121088 0.169806 0.224218 0.282921 0.344399 0.407065 0.469301 0.529499 0.586103 0.637651 0.682808 0.720408 0.749476 0.769261 0.779249 0.77918 0.769053 0.749128 0.719916 0.682169 0.63686 0.585154 0.528385 0.468013 0.405592 0.342731 0.281044 0.222119 0.167467 0.118491 0.0764446 0.0424005 0.0172241 0.00154967 -0.00423515 0 
0 0.00576348 0.0220658 0.0484923 0.0843662 0.128766 0.180548 0.23838 0.300769 0.366105 0.432704 0.498843 0.562816 0.62297 0.677748 0.725737 0.765693 0.796583 0.817608 0.828223 0.828149 0.817388 0.796215 0.765173 0.725061 0.676913 0.621967 0.561639 0.497482 0.431148 0.364343 0.298786 0.236161 0.178077 0.126022 0.0813284 0.0451368 0.0183661 0.00169083 -0.00447743 0 
0 0.00609318 0.0232762 0.0511127 0.0888903 0.135639 0.190156 0.251037 0.316713 0.38549 0.455593 0.525212 0.592549 0.655865 0.713523 0.764033 0.80609 0.838604 0.860734 0.871906 0.871829 0.860503 0.838218 0.805546 0.763327 0.712649 0.654816 0.591317 0.523788 0.453966 0.383647 0.31464 0.248717 0.187571 0.132769 0.0857133 0.0476032 0.0194064 0.00183256 -0.0046849 0 
0 0.00639018 0.0243493 0.053422 0.0928648 0.141666 0.19857 0.262112 0.330655 0.402432 0.47559 0.548242 0.618511 0.684583 0.744751 0.797459 0.841345 0.875273 0.898366 0.910025 0.909945 0.898128 0.874874 0.840781 0.796727 0.743845 0.683496 0.617235 0.546767 0.473905 0.400523 0.328508 0.259709 0.195893 0.138693 0.0895738 0.0497861 0.0203397 0.00197509 -0.00485564 0 
0 0.00665321 0.0252794 0.0554071 0.0962666 0.146811 0.20574 0.271538 0.342511 0.416828 0.492573 0.567792 0.640543 0.708947 0.771238 0.825805 0.871239 0.906364 0.930272 0.942342 0.94226 0.930026 0.905954 0.87066 0.825053 0.770307 0.707831 0.639232 0.566277 0.490842 0.414867 0.340305 0.269071 0.202991 0.143759 0.0928877 0.0516738 0.021162 0.00211866 -0.00498794 0 
0 0.00688127 0.0260619 0.0570572 0.0990767 0.151044 0.211624 0.279259 0.352208 0.42859 0.506438 0.583743 0.658509 0.728807 0.792821 0.848898 0.895588 0.931685 0.956254 0.968658 0.968575 0.956004 0.931266 0.894998 0.848132 0.791873 0.727669 0.657174 0.582199 0.504675 0.426594 0.349962 0.276747 0.208825 0.147937 0.0956366 0.0532563 0.0218695 0.00226357 -0.00508037 0 
0 0.0070736 0.0266931 0.058364 0.101279 0.154341 0.216188 0.285229 0.359689 0.43765 0.517103 0.595998 0.672301 0.744043 0.809371 0.866598 0.914246 0.951082 0.976155 0.988814 0.98873 0.975902 0.950659 0.913649 0.865823 0.808412 0.742893 0.670952 0.594438 0.515321 0.435633 0.357421 0.282692 0.213362 0.151204 0.0978059 0.0545261 0.0224596 0.00241009 -0.00513169 0 
0 0.00722969 0.0271705 0.0593211 0.102864 0.156686 0.219407 0.289416 0.364913 0.443955 0.524505 0.604488 0.68184 0.754567 0.820791 0.878802 0.927102 0.964442 0.989858 1.00269 1.00261 0.989604 0.964017 0.926502 0.878024 0.819828 0.753413 0.680486 0.602924 0.522719 0.441933 0.36264 0.286874 0.216576 0.153543 0.0993848 0.0554773 0.0229304 0.00255852 -0.00514096 0 
0 0.0073493 0.0274925 0.0599246 0.103823 0.158066 0.221264 0.291797 0.367852 0.447472 0.528606 0.609166 0.687074 0.760321 0.827017 0.885441 0.934085 0.971691 0.997288 1.01021 1.01013 0.997035 0.971268 0.933488 0.884666 0.826059 0.759172 0.685726 0.607609 0.526829 0.44546 0.365592 0.28927 0.218451 0.154943 0.100366 0.0561063 0.0232807 0.00270912 -0.00510752 0 
0 0.00743242 0.0276585 0.0601731 0.104153 0.158476 0.221754 0.292364 0.368494 0.448185 0.529388 0.610012 0.687978 0.761279 0.828023 0.886487 0.935164 0.972796 0.99841 1.01134 1.01126 0.99816 0.972377 0.934574 0.885721 0.827075 0.760143 0.686646 0.608474 0.527633 0.4462 0.366264 0.289872 0.21898 0.155399 0.100747 0.0564117 0.02351 0.00286213 -0.00503098 0 
0 0.00747927 0.027669 0.0600671 0.103855 0.157919 0.220878 0.291119 0.366841 0.446099 0.526855 0.60703 0.68456 0.757447 0.823814 0.881947 0.930347 0.967765 0.993233 1.00609 1.00601 0.992987 0.967353 0.929767 0.881194 0.822883 0.756333 0.683253 0.605522 0.525135 0.444155 0.364658 0.288681 0.218165 0.154911 0.100528 0.0563938 0.0236187 0.0030177 -0.00491128 0 
0 0.0074903 0.0275255 0.0596098 0.102935 0.156402 0.218646 0.288076 0.362913 0.441236 0.521032 0.600251 0.676853 0.748865 0.814432 0.871865 0.919681 0.956647 0.981808 0.994513 0.994433 0.981568 0.956245 0.919115 0.871131 0.813526 0.747779 0.675581 0.598784 0.519361 0.439347 0.360793 0.285711 0.216016 0.153488 0.0997141 0.0560552 0.0236076 0.00317587 -0.00474868 0 
0 0.00746615 0.0272303 0.0588064 0.101402 0.153938 0.215078 0.283261 0.356741 0.433635 0.511969 0.589731 0.66492 0.735601 0.799954 0.856322 0.903252 0.939532 0.964226 0.976696 0.976619 0.963994 0.939143 0.902704 0.855613 0.799078 0.734552 0.663691 0.588315 0.510357 0.431816 0.354701 0.280986 0.212552 0.151141 0.0983128 0.0554 0.0234784 0.00333651 -0.00454382 0 
0 0.00740759 0.0267867 0.0576641 0.0992683 0.150549 0.210204 0.276712 0.348375 0.423357 0.499736 0.57555 0.648852 0.717757 0.780491 0.83544 0.881186 0.916551 0.940623 0.95278 0.952705 0.9404 0.916178 0.88066 0.834758 0.77965 0.716751 0.647676 0.574195 0.498194 0.421619 0.346429 0.274545 0.207799 0.147891 0.0963358 0.0544343 0.0232328 0.00349925 -0.0042977 0 
0 0.00731553 0.0261986 0.0561922 0.0965505 0.146259 0.204058 0.268478 0.337875 0.410476 0.484421 0.557814 0.62877 0.695467 0.756188 0.809371 0.853648 0.887877 0.911175 0.922941 0.92287 0.910962 0.887521 0.853147 0.808722 0.755387 0.69451 0.627653 0.556529 0.482961 0.408831 0.336036 0.266433 0.201793 0.143759 0.093798 0.0531654 0.0228733 0.00366335 -0.0040118 0 
0 0.0071909 0.0254706 0.0544014 0.0932686 0.141099 0.196685 0.258617 0.325319 0.395087 0.466138 0.536652 0.60482 0.668892 0.727221 0.778309 0.820839 0.853718 0.876097 0.8874 0.887333 0.875896 0.853382 0.820366 0.777696 0.726466 0.66799 0.603767 0.535443 0.464767 0.393546 0.323599 0.256708 0.194576 0.138776 0.0907169 0.0516022 0.0224022 0.00382765 -0.00368808 0 
0 0.00703457 0.0246077 0.0523041 0.089445 0.135105 0.188138 0.2472 0.310794 0.377299 0.445017 0.512216 0.577174 0.638225 0.693802 0.742478 0.782999 0.814324 0.835646 0.846415 0.846352 0.835458 0.814009 0.782556 0.741904 0.693096 0.637383 0.576192 0.51109 0.443742 0.375869 0.309203 0.245439 0.186197 0.132976 0.0871126 0.0497541 0.0218216 0.00399031 -0.00332907 0 
0 0.00684726 0.0236151 0.0499136 0.0851048 0.128318 0.178473 0.234306 0.294403 0.357237 0.421207 0.48468 0.54603 0.603687 0.656172 0.702137 0.740401 0.769981 0.790115 0.800285 0.800226 0.78994 0.769688 0.73999 0.701605 0.655517 0.602908 0.545123 0.483642 0.420035 0.355926 0.292948 0.232701 0.176713 0.126394 0.0830071 0.047631 0.0211334 0.00414865 -0.00293801 0 
0 0.00662937 0.0224976 0.0472437 0.0802749 0.120781 0.167756 0.220021 0.276257 0.335041 0.394876 0.454238 0.511611 0.565525 0.614601 0.657578 0.693355 0.721011 0.739835 0.749344 0.74929 0.739674 0.720741 0.692976 0.65709 0.614001 0.564812 0.510783 0.453293 0.393811 0.333853 0.274945 0.21858 0.166183 0.119072 0.0784232 0.0452429 0.0203383 0.00429883 -0.00251895 0 
0 0.00638072 0.0212598 0.0443082 0.0749831 0.11254 0.156054 0.204439 0.25648 0.310863 0.366208 0.421107 0.474161 0.524013 0.569388 0.609123 0.6422 0.667769 0.685172 0.693963 0.693914 0.685025 0.667523 0.641856 0.60868 0.568844 0.523368 0.473413 0.420256 0.365252 0.309802 0.255313 0.203165 0.154673 0.111051 0.0733846 0.0425987 0.0194355 0.0044354 -0.00207701 0 
0 0.00610029 0.0199048 0.04112 0.0692573 0.103644 0.143441 0.187662 0.235203 0.284868 0.3354 0.385518 0.433946 0.479447 0.52086 0.557124 0.58731 0.610643 0.626526 0.634548 0.634504 0.626394 0.610423 0.587001 0.556726 0.520373 0.478871 0.43328 0.384763 0.334555 0.283934 0.234182 0.186556 0.142252 0.102376 0.0679139 0.0397053 0.018422 0.0045508 -0.00161863 0 
0 0.00578578 0.0184338 0.0376898 0.0631237 0.0941393 0.129989 0.169793 0.212564 0.25723 0.302666 0.347722 0.391252 0.432149 0.469368 0.501959 0.529086 0.550055 0.564328 0.571537 0.571498 0.564211 0.54986 0.528813 0.501607 0.468939 0.431642 0.390668 0.347061 0.301931 0.256423 0.211687 0.168852 0.128989 0.0930886 0.0620315 0.0365668 0.0172913 0.0046345 -0.00115202 0 
0 0.00543292 0.0168448 0.0340248 0.0566059 0.0840725 0.115774 0.150942 0.188708 0.228134 0.268229 0.307981 0.346383 0.382459 0.415288 0.444033 0.467959 0.486452 0.49904 0.505399 0.505365 0.498938 0.486283 0.467721 0.443728 0.414916 0.38202 0.34588 0.307414 0.267601 0.227449 0.187971 0.150159 0.114956 0.08323 0.0557541 0.033182 0.0160317 0.00467186 -0.00068775 0 
0 0.00503454 0.0151308 0.0301263 0.0497214 0.0734855 0.100868 0.131214 0.163784 0.19777 0.232324 0.266576 0.29966 0.330737 0.359016 0.383776 0.404384 0.420312 0.431154 0.436631 0.436602 0.431067 0.420168 0.404181 0.383517 0.358701 0.330366 0.299235 0.2661 0.231799 0.197202 0.163179 0.130582 0.100219 0.0728361 0.0490921 0.0295429 0.0146248 0.00464244 -0.000239767 0 
0 0.00457897 0.0132772 0.0259867 0.0424797 0.0624129 0.0853386 0.110718 0.137939 0.166332 0.195192 0.223794 0.251418 0.277363 0.300971 0.321639 0.338842 0.352138 0.361188 0.365759 0.365735 0.361116 0.352018 0.338674 0.321425 0.30071 0.277058 0.25107 0.223406 0.194767 0.165876 0.137458 0.110223 0.0848434 0.0619363 0.0420468 0.0256311 0.0130419 0.00451737 0.000173101 0 
0 0.00404731 0.0112574 0.021585 0.0348771 0.0508791 0.069246 0.0895556 0.111324 0.13402 0.157083 0.179936 0.202005 0.222731 0.241588 0.258097 0.271836 0.282456 0.289684 0.293335 0.293316 0.289627 0.282361 0.271704 0.257927 0.241382 0.22249 0.201731 0.179632 0.156752 0.133667 0.110957 0.0891848 0.0688858 0.05055 0.0346072 0.021414 0.0112396 0.00425518 0.00052445 0 
0 0.00340837 0.00902613 0.0168797 0.0268918 0.0388935 0.0526394 0.067822 0.0840845 0.101033 0.118252 0.13531 0.151782 0.167249 0.181322 0.193641 0.203894 0.211818 0.217211 0.219936 0.219922 0.217169 0.211747 0.203795 0.193515 0.181168 0.16707 0.151579 0.135086 0.118009 0.100777 0.0838209 0.0675608 0.052394 0.0386834 0.0267454 0.016839 0.00915323 0.00379485 0.000775307 0 
0 0.00260814 0.00650688 0.0117998 0.0184767 0.0264456 0.0355541 0.0456038 0.056362 0.0675704 0.0789543 0.0902311 0.101118 0.111342 0.120642 0.128784 0.13556 0.140796 0.14436 0.146161 0.146151 0.144332 0.140749 0.135494 0.1287 0.120541 0.111223 0.100985 0.0900835 0.0787954 0.0674036 0.0561924 0.0454387 0.0354039 0.0263262 0.018412 0.0118272 0.00668734 0.00304376 0.000863713 0 
0 0.00154467 0.00357055 0.00623064 0.00955219 0.0135014 0.0180078 0.0229758 0.0282915 0.033828 0.0394504 0.0450191 0.0503951 0.0554429 0.0600349 0.0640547 0.0673999 0.0699853 0.0717449 0.0726337 0.072629 0.0717307 0.0699617 0.0673671 0.0640129 0.0599845 0.0553841 0.0503287 0.044946 0.0393719 0.033746 0.0282087 0.0228961 0.0179372 0.0134487 0.00953148 0.00626524 0.00370228 0.00185652 0.000680059 0 
0 0 0 0 0 0 0 0 0 0 0 0 0 0 0 0 0 0 0 0 0 0 0 0 0 0 0 0 0 0 0 0 0 0 0 0 0 0 0 0 0 