0.000777586 0.00198336 0.00422983 0.00792175 0.0131192 0.0194984 0.0263944 0.032911 0.0380744 0.0410057 0.0410855 0.0380835 0.0322348 0.0242485 0.0152472 0.00664258 3.59042e-05 0.00333743 0.00208481 
0.00207127 0.0051471 0.0104353 0.0186624 0.02985 0.0432619 0.057505 0.0707542 0.0810613 0.0866954 0.0864635 0.0799614 0.0677153 0.0511913 0.032667 0.01498 0.00118424 0.00584119 0.00377881 
0.00394221 0.00950224 0.0184609 0.0318041 0.0494479 0.070194 0.0919 0.111822 0.127073 0.135122 0.13426 0.12396 0.105073 0.0798318 0.0516527 0.0247587 0.00366941 0.007376 0.00498706 
0.00632026 0.0148568 0.0279227 0.0467061 0.0709701 0.0990351 0.128023 0.154315 0.174152 0.184279 0.182539 0.168326 0.142833 0.109036 0.0714336 0.0355465 0.0072552 0.00794842 0.00569512 
0.00905988 0.020892 0.0382838 0.0625688 0.0933254 0.128396 0.16421 0.196351 0.220279 0.23211 0.229313 0.211249 0.179448 0.137582 0.0911353 0.0467995 0.0116706 0.00765 0.00593412 
0.0119709 0.027211 0.0489093 0.0784892 0.115324 0.156805 0.198736 0.236005 0.263409 0.276543 0.272586 0.250904 0.213346 0.164206 0.109827 0.0579076 0.0165766 0.00662899 0.00576511 
0.0148396 0.0333744 0.0591118 0.0935104 0.135731 0.182757 0.229863 0.271361 0.301524 0.315546 0.310406 0.285505 0.242983 0.187654 0.126568 0.0682301 0.0215935 0.00507216 0.00526982 
0.0174449 0.0389313 0.0681922 0.10667 0.153318 0.204777 0.255901 0.300575 0.332696 0.347192 0.340927 0.313367 0.266895 0.206728 0.140441 0.0771281 0.0263239 0.00319036 0.00454344 
0.0195734 0.0434461 0.0754773 0.117047 0.16692 0.221474 0.275276 0.321943 0.355159 0.369724 0.362477 0.332965 0.283756 0.220336 0.150603 0.0839952 0.0303749 0.00120507 0.00368816 
0.0210325 0.0465244 0.0803563 0.123807 0.175485 0.231601 0.286587 0.333962 0.36737 0.381622 0.373616 0.342992 0.29243 0.227536 0.156313 0.0882871 0.0333787 0.000664854 0.00280668 
0.0216633 0.0478365 0.0823143 0.126244 0.178122 0.234113 0.288668 0.335396 0.368074 0.381663 0.373199 0.342415 0.292021 0.227578 0.156972 0.0895494 0.0350135 0.00221647 0.00199572 
0.0213518 0.0471397 0.0809631 0.123816 0.17415 0.228209 0.280638 0.325325 0.356354 0.368972 0.360421 0.330518 0.281911 0.219945 0.152156 0.0874438 0.0350231 0.00327612 0.00133934 
0.02004 0.0442979 0.0760675 0.116183 0.16313 0.213375 0.261943 0.303187 0.331674 0.343061 0.334854 0.306937 0.261793 0.204375 0.141638 0.0817712 0.0332363 0.00371297 0.000902062 
0.0177365 0.0392993 0.0675683 0.103228 0.144894 0.189416 0.232384 0.26881 0.293906 0.303855 0.296474 0.271685 0.231695 0.18089 0.125414 0.0724924 0.0295848 0.00345315 0.00072134 
0.0145268 0.0322716 0.0555987 0.0850735 0.119563 0.156468 0.192137 0.222425 0.243344 0.251703 0.24567 0.225157 0.191988 0.149803 0.103714 0.0597455 0.0241219 0.00249541 0.000798761 
0.0105858 0.0234967 0.0404964 0.0620961 0.0875553 0.115009 0.141753 0.164666 0.180698 0.187375 0.183232 0.168129 0.143384 0.111722 0.0770152 0.0438607 0.0170416 0.000930221 0.00108819 
0.00619527 0.0134233 0.0228087 0.034921 0.0495811 0.0658456 0.0821476 0.0965517 0.107076 0.112032 0.110333 0.101727 0.0869145 0.0675378 0.0460337 0.0253707 0.00869998 0.00103397 0.00147702 
0.00177214 0.00267983 0.00328939 0.00441288 0.00662535 0.0100961 0.0145729 0.0194585 0.0239468 0.0271922 0.0284837 0.0273965 0.0238992 0.018399 0.0117203 0.00501803 0.000358806 0.00303086 0.00175081 
0.00207831 0.00791534 0.0171134 0.0283469 0.0400797 0.0508462 0.0594206 0.0649292 0.0669105 0.0653255 0.0605212 0.0531568 0.0441025 0.0343237 0.0247654 0.0162471 0.00937494 0.00447295 0.00151538 
